5466	2058
3659	2372
2019	976
217	1686
2944	1728
1972	1007
2586	665
2675	1563
4576	2905
108	180
1718	823
1347	2077
5542	3442
334	251
1457	740
881	3609
6392	3045
4831	2492
4899	1026
671	561
3252	2199
6380	2089
3757	1963
6412	812
4231	2694
3547	2299
1608	4170
63	1056
912	1970
539	406
3608	2362
680	1306
1459	748
6306	4073
3800	378
1753	597
5156	1326
5044	3076
1724	826
1858	927
5959	3662
5421	3356
1050	4199
3579	2315
4867	614
3810	2458
2072	357
416	191
1147	1985
934	1121
6270	2072
4217	2819
6152	3835
2959	1220
2398	1294
575	3421
5067	2743
3890	3774
4108	899
1131	3117
377	273
5878	4163
3934	2571
722	619
2803	1601
5987	3680
466	342
1143	1984
5069	3241
1361	2068
2157	1130
2212	3976
2812	2356
2700	2053
6092	3731
952	4182
2388	1286
4825	2975
6160	3840
1209	653
327	248
120	4256
5613	1360
4226	2692
4479	2811
2042	1079
4740	1899
1109	2674
298	225
958	4185
2243	462
5601	1037
4013	1030
533	403
5990	3685
6132	502
3687	2391
5621	3479
3653	2368
5223	3291
5641	2611
4759	2171
686	570
4181	2668
1550	3963
2594	1513
5428	3367
6406	1822
553	1344
4826	2976
2567	1291
115	4015
1381	1567
134	880
1458	749
2738	1623
5119	3156
3674	107
5104	3358
742	601
1573	997
4061	2631
278	496
3054	1758
6436	4201
2005	666
173	113
1592	789
4488	210
1097	3196
1755	3661
1736	1910
5503	3409
5412	3517
704	594
3650	2360
1898	950
5436	348
2962	1737
5506	1326
4568	2854
3042	1753
1473	981
798	645
2205	1333
5311	3318
1300	717
3468	3179
4508	2829
5887	3626
5536	1157
1741	835
2596	1514
4495	3395
2087	1091
872	1868
3223	4027
4433	3053
5721	3530
617	478
3703	2345
497	1043
4547	2849
4565	2855
5481	3418
1785	2180
3085	1773
3455	3913
1465	990
4582	2902
827	1178
5858	3698
4173	4299
380	275
2454	1416
2014	76
4671	4130
5671	3488
824	675
454	321
2128	1106
4854	3003
1987	1216
5502	3410
2379	1279
6162	3842
2975	4217
3816	476
5555	522
1901	953
4295	2719
4225	1113
2387	1285
4244	2698
499	539
329	250
6232	3981
630	501
5784	3573
3059	211
5872	3618
6241	3990
3981	2570
4311	2723
53	3871
4574	872
3977	2588
6341	813
4896	1146
2791	599
2503	3354
1464	213
3593	2487
5124	4124
5217	3276
1298	506
4933	3863
1617	811
123	90
2511	1470
1652	2416
3386	2170
5558	3451
4473	2807
5695	3500
352	255
4736	2932
3034	999
515	391
4318	2724
4552	2852
3583	2317
4250	2703
997	554
6324	2059
6045	2404
1038	708
6447	4212
1248	2019
700	1460
5055	2815
3393	639
5826	3593
638	1402
4570	3992
6348	1373
2199	895
4714	2921
3618	2333
2930	1720
3498	2265
3412	4088
1955	988
5966	3666
1323	3448
1825	917
5295	3370
1359	1904
3204	3359
2177	1141
415	190
4402	2775
4338	2732
2499	1453
1820	4279
27	51
4270	1183
3898	2536
4235	1112
5235	3279
5173	3249
4661	4010
4742	2936
4471	4216
613	524
5387	3344
3214	1393
5929	3640
2858	1675
2704	1588
4808	3054
335	991
5773	2134
1217	513
5154	3538
4960	3029
3490	2271
3404	1691
254	173
3330	2179
6016	3695
4050	495
5115	3452
1786	863
2261	1193
3419	482
3027	3922
4117	2641
2057	1082
822	3143
1916	3728
3270	2132
1056	4204
1882	940
608	634
401	292
6442	1139
5522	3940
3731	936
490	2145
3513	2275
442	3172
5895	1531
4065	2341
1400	2099
4596	2707
2753	1641
758	636
6038	3742
529	399
1192	2009
3658	2373
6264	2484
1819	4278
3719	2408
1810	1057
1525	3955
3131	1016
909	1880
1722	3956
3866	3147
5373	2969
4928	76
5192	3263
3407	2219
788	624
1636	2499
2422	1352
4685	648
3646	2358
544	3404
3112	1784
2745	1628
1460	1971
3551	2301
5296	910
5285	3303
4502	2825
6219	331
643	3425
5431	3364
3388	2209
6243	3991
5659	4295
2656	1568
3749	1800
5198	3270
6051	3800
5831	3974
5877	4164
2724	1606
3250	1229
810	205
5856	2012
3850	2726
4156	2666
69	1225
5866	3613
1536	3598
273	196
1363	2421
3911	2541
5447	1338
507	384
883	1872
4049	496
1902	3482
3362	1176
2357	1250
2690	1689
5516	3203
906	1179
3290	1909
2343	1039
350	3749
6267	2075
651	548
263	229
1620	793
6113	3817
801	2919
3354	2190
2256	1191
450	318
4974	3042
3225	1367
3712	2405
4524	247
3535	2286
5947	3347
1277	2108
5505	783
3969	2586
6361	4076
5109	3316
4664	238
2775	1665
1605	0
3274	3193
719	3175
4036	3075
3269	2097
2479	1439
3984	2567
6111	3805
582	430
5582	3467
1463	4171
3755	2437
3445	2126
5977	4032
3273	2115
6165	732
4723	189
5985	3675
4985	3046
6106	1768
2771	1653
739	192
5587	3468
2734	1617
5363	3353
250	170
5732	3540
1826	918
5271	2052
4305	4040
409	295
1053	4202
174	114
4040	1329
3961	2585
495	3918
332	252
4838	4110
1812	1933
5050	4228
5407	4087
6143	1725
3319	2213
1475	68
757	608
5930	3641
2821	1664
5162	3910
4063	2628
4571	3997
640	3999
5031	3064
3516	2277
2625	1536
3328	2158
1180	3989
2982	1760
763	2366
2756	1573
5229	3280
5439	3115
4668	2886
657	553
1094	1962
564	425
5237	3244
4727	2926
944	682
29	53
1942	81
2558	1013
1721	3369
2801	1553
1501	4129
1925	962
3209	1836
5004	3056
3747	2434
2206	1334
5009	3060
4966	2972
22	39
3370	2164
3939	2550
6	1027
3891	455
556	419
1742	836
3159	3865
2575	1816
6094	3773
5246	579
3622	2337
2822	1819
4104	134
3057	3782
5696	3499
142	2489
5804	3586
5675	3223
5816	3592
4267	2712
464	326
1691	808
5131	3874
2052	1084
6374	1646
3045	1754
5323	3160
1668	857
3576	2309
1326	209
4537	2843
915	1887
3444	3243
1719	3368
994	1481
1694	809
2056	667
1917	957
2161	3848
6176	2749
1664	1709
4980	3407
1253	214
2578	1496
3281	1939
4804	2967
348	1155
1923	960
1675	3014
3786	2456
4761	2946
4195	3178
1318	2023
661	3386
1354	1228
2417	55
4264	2711
6297	4100
3860	1052
1677	3876
4133	3713
2275	3985
3753	2435
4504	2828
2054	4287
1304	2044
6138	3831
197	127
517	3090
3384	2169
4961	3024
192	122
5007	3057
6141	3829
4604	3901
1698	3559
4499	1685
3641	2357
4385	2767
3400	2203
3502	2848
5765	3567
6371	1644
5865	3607
4194	3176
1301	2042
963	4187
781	621
2652	2032
4809	3439
4482	2818
1169	1996
4398	2771
5243	3232
1112	3636
1492	1462
2180	4070
5717	3534
5213	3275
2415	1348
2078	356
4333	3887
545	411
5350	3327
6342	3959
2757	1572
3033	974
193	133
364	596
1015	700
357	259
1345	3194
3784	2455
1409	4244
3125	1791
4592	4016
3838	2470
2832	578
1560	4192
5690	3494
4625	2869
4645	461
6170	1413
5514	2093
5835	3594
5429	3365
5873	3619
6323	4082
3251	972
12	1261
5712	3509
5772	3569
3679	2383
2661	1592
6441	4208
4868	615
485	379
4377	2764
4695	2912
885	1313
1008	1936
672	563
1645	802
4505	3711
6091	3728
435	312
3904	2552
755	607
1333	2056
5896	3693
2359	1252
682	568
2141	1114
6002	3701
1537	3417
3524	2281
4799	3260
3228	1863
403	297
4379	2765
305	226
2634	3783
5414	3519
3573	2306
1907	3905
2641	1543
5473	3396
5477	3650
117	19
371	265
291	223
4330	2730
1264	4107
1603	3222
5209	3274
1160	1528
678	1304
3088	1774
5002	3087
2418	1353
5146	3237
6424	3113
2104	2623
3008	30
3022	3740
893	1882
2768	1648
4500	2827
586	435
215	4066
2416	1348
4097	2636
465	341
116	17
86	3375
2604	1516
2966	3893
5635	3483
127	4271
3449	1391
1629	239
1538	33
2229	3426
5348	3183
3910	2540
2555	2086
3963	871
2306	136
3955	1187
557	420
3759	2267
3843	2477
3584	2318
5612	3477
3765	2445
2665	1608
855	1853
2733	1615
1957	3716
5083	1571
1563	765
1	5
3	6
162	4197
2453	1415
1210	1400
386	853
764	580
4059	1341
951	1914
4388	2768
4894	3008
1740	834
2183	1132
506	1829
4555	1849
2321	1240
1619	14
3133	3785
623	490
5188	3256
1432	3134
5376	3330
5138	3154
528	396
5260	2092
3742	3461
4293	661
3275	731
1237	3933
1484	2285
5476	3650
4651	2879
3565	2303
1967	1001
6353	2247
6295	4101
4703	2916
4698	2915
5634	3484
3282	2551
6178	3853
662	1142
4764	2944
2882	915
6268	65
648	1481
5158	3513
4763	1738
170	111
5859	3699
6019	3702
844	1972
1887	2901
4693	1757
2723	1605
4355	2751
1642	2982
4958	3025
2702	1010
4344	2737
1731	4236
2794	1625
3322	271
665	559
5110	3317
4150	2658
1600	181
1098	3682
2494	1450
5470	3389
2849	589
854	1854
1671	46
3575	2482
2904	1707
2	4
3335	2176
5969	2846
6100	3779
1128	1857
4183	893
4348	2740
4091	2632
713	83
5716	3533
4106	2639
4786	2958
924	1892
2905	1707
60	515
5220	2021
615	978
621	489
109	87
3478	2142
1914	954
4368	2761
3887	2529
522	402
3507	1769
5105	3132
4516	2832
5510	3402
3825	2465
3714	3908
3950	2496
3511	4284
3489	2270
3700	2426
6025	3171
6228	3683
3919	2572
825	662
5656	2474
1739	996
5075	1332
1020	702
6195	3272
353	1165
5802	3585
265	185
2165	1509
214	942
6308	286
6302	4126
147	71
3296	2859
1589	777
4774	2952
2412	737
4910	3012
5806	3587
4478	2810
794	650
2956	3776
1415	728
2247	1174
3061	206
981	685
3846	2479
3510	2892
1480	3948
2560	2066
1358	2070
2559	1470
4869	2986
4102	138
4952	3021
3191	1830
5705	3505
2819	3745
5397	890
3590	2320
1303	2043
5203	3126
2566	1292
1204	2003
487	380
6352	3140
5736	3557
3491	2272
1000	1220
1331	1621
2766	2355
1601	787
2487	1327
4885	3004
496	1542
5731	3617
252	171
6159	4095
5352	3328
3990	4263
5380	3331
3542	12
5759	3565
6269	1954
2039	1074
4232	2695
6272	3902
3515	2276
4892	3917
5963	3552
1845	874
491	3078
3312	3137
4599	849
2562	3729
701	1458
531	390
2211	1270
4937	1020
4174	4292
3206	1343
2742	1599
5406	3346
5702	3502
6057	3739
6187	1418
1643	971
2899	1702
5279	3304
3422	2659
5101	3130
5976	3665
2730	4050
527	397
2190	2166
516	3089
3115	1786
2653	2989
3410	2218
5005	3071
5172	3250
4611	1551
6061	1486
4760	2945
3877	2520
4635	2873
1430	3528
1585	775
6198	3966
829	663
4406	2777
3777	2442
1208	799
5758	3564
4658	2882
2960	1735
3906	2538
2580	1816
3372	1430
715	3162
3665	2375
1159	1993
5451	603
2136	3674
6155	3837
4068	2629
5914	3634
4751	2939
5870	3615
4086	146
3876	2569
3962	78
2915	1712
5318	3954
1713	818
3079	1770
4575	2904
411	301
1238	3934
412	469
4534	2842
1861	928
735	668
4748	2937
286	217
6299	4065
5187	873
4130	2645
848	1847
5420	2971
5777	3570
23	62
5023	38
2726	1148
6235	3982
3365	2200
4669	2885
2168	1253
6261	4049
6151	3836
1687	3950
2585	664
160	1579
3473	2144
1366	2064
5792	3453
190	120
2437	1363
1900	2993
3566	527
3597	2321
2638	1539
3872	2519
2287	3869
5485	3405
4721	2924
2257	1336
5790	543
5653	697
6318	1159
5273	208
3001	3787
3229	1864
4341	2735
3614	2329
2465	4007
3737	2349
3793	2727
2152	4081
264	184
3300	4146
5913	3911
1804	2627
3948	2497
1039	4072
421	304
4129	4233
1114	1953
2977	2527
3463	2573
5116	3510
144	2502
4208	2679
5619	3215
4962	3026
3217	1842
9	61
2515	1464
4327	2728
4075	486
3436	2232
4978	2980
24	37
3617	2332
1268	3750
3087	1290
4523	2837
1816	4277
1042	711
3283	2124
1032	1437
1470	750
6156	3838
2929	1718
1507	752
4410	1212
2500	1454
1124	1981
3005	1742
6212	3296
5863	3606
219	149
1630	798
1338	2054
2107	3953
2425	1354
3427	896
424	308
3143	1794
5160	4232
863	831
3047	3734
2447	1372
6284	4063
3774	2139
2274	2647
2978	1759
4679	3826
4417	2782
4788	1188
374	1301
1233	904
2118	1103
1153	2002
2549	1490
4845	951
5181	3253
5547	3446
2790	1576
4022	322
4248	2702
1066	1944
2539	1480
947	1138
1258	3860
1137	1988
5897	43
900	1876
5114	3197
4946	3019
5495	3411
573	838
2571	1495
1322	2473
2536	3354
5347	3182
6446	4211
5165	3891
4754	3261
2360	1205
419	303
5320	3319
3193	882
4564	2853
4577	1350
4137	1048
5034	3069
707	583
2244	617
3454	1248
4697	2914
3025	1748
3715	2408
456	323
232	158
2022	4270
55	69
2081	1086
1181	2000
1790	864
189	1011
5159	3512
3378	1850
1220	1678
1983	4260
3219	3828
328	249
5077	1379
3150	1802
175	123
4254	2706
2340	1229
2898	1701
3726	2414
1665	982
312	299
4190	2674
3522	602
3024	1747
4062	2630
1270	2026
2950	3772
3496	2264
4143	2650
4815	1036
4198	2673
2478	1440
5905	2500
3728	2419
1414	4248
5058	3104
5682	3299
6186	3854
3671	2379
5190	3262
5995	3687
1774	852
4656	885
2804	1631
2552	1472
5082	2867
1651	805
3091	1776
4610	3827
3292	2133
1191	1751
2073	1088
3633	2352
2124	1104
4234	2696
5266	1133
5450	3374
818	659
3398	2216
3255	3958
339	254
6023	3707
6350	573
3613	2328
4811	2963
2877	1693
4580	2899
5479	345
4681	3432
6394	1116
6188	1420
1609	884
6126	1541
3931	2558
536	408
1938	4268
2147	1122
471	118
2530	1474
933	1901
2446	768
1033	704
5600	3474
2806	3070
1513	756
3429	2227
2878	421
5762	1149
1622	795
3198	1637
2349	2618
4448	2795
1982	4259
313	235
1429	1816
562	422
2296	1207
3685	2389
3309	1549
4846	952
2859	1679
5821	780
6022	3705
1133	1982
5940	26
414	302
3670	2380
1768	851
2086	1090
3666	2376
1650	741
6314	3580
589	393
6096	3724
5103	3016
5386	3334
2271	1203
5359	3213
2126	1105
5942	3952
3095	1780
1223	3870
4844	3023
1048	4207
1351	2080
4626	2895
5167	3511
6158	4103
4124	2624
1565	767
6254	4058
1590	778
6357	1408
2603	1233
5527	3628
5054	2816
5391	359
2703	1589
647	3824
5073	3106
237	162
2718	1622
2628	1537
2025	1064
2750	1639
4027	4251
4519	2834
2936	472
580	428
1748	193
6110	4017
3480	2248
5442	4153
4411	2780
5689	3492
2873	1805
5327	2979
3391	3382
5539	3361
2140	4104
6020	3703
5153	3538
3195	1832
5660	3485
5493	2117
1218	2008
1793	2155
5975	4266
578	429
2352	2051
5307	3236
1716	822
4541	2851
616	1612
3500	3898
3438	2127
5654	698
1782	2750
4141	2653
1388	1189
5707	3314
346	954
2706	4253
3770	2449
1234	2011
3637	1619
1314	1912
3197	1312
1789	865
5646	3919
5586	3469
2721	40
5024	3073
290	222
2876	2930
4346	2739
6301	877
4963	3030
795	642
2674	1561
6414	1833
5222	3290
2219	2756
5464	2935
3257	1935
392	285
1468	743
4472	1227
5810	3588
745	604
1151	618
5117	2792
4687	2907
4607	4009
1079	3128
956	4183
2049	3753
4259	2709
1064	1942
5027	1498
3760	887
4046	3926
999	3133
1970	1005
1278	0
4192	1565
3905	2537
4496	3394
4686	1965
2533	733
1913	969
525	395
1669	3775
2830	3112
5003	3088
2036	1069
2037	1071
1034	706
5111	1369
3381	465
1308	2048
2182	1145
2891	1699
368	1049
875	1867
3492	4037
1981	4258
1800	1463
1873	925
1229	1410
3149	1799
3144	1797
2506	1456
6275	4059
5786	3574
1833	4012
6200	4266
4559	278
1927	964
5666	2490
4670	3993
504	72
1352	2078
136	92
6109	3784
6305	1405
1085	1958
2986	3804
2142	4053
6376	3354
1214	3287
5425	283
77	110
4951	897
3606	452
460	331
5463	2934
4708	2866
3539	2288
3873	2517
2824	3170
6316	4098
4366	2758
467	844
2954	1732
2209	1163
4767	3696
5494	95
610	528
747	605
4047	2619
4480	2813
2654	2033
3452	2236
3333	2174
3588	3449
812	673
5663	4300
5838	4090
1164	1296
3351	4078
1307	2046
6426	4165
2123	3354
3972	2568
2671	1558
6161	3841
4717	3436
5324	3161
4277	2713
1841	876
6173	3849
5230	3281
1896	948
5722	3531
5710	3508
1320	1489
4209	2680
1508	25
5413	3518
1035	707
2999	1739
5174	1128
6360	832
4015	2548
5840	735
2577	1371
4028	4252
6139	3832
1420	4249
5085	3120
2011	2601
1391	1303
4688	2906
4929	3015
255	174
905	1877
1161	361
1684	3949
2538	3040
3479	2246
799	645
2965	1765
1726	829
2914	1710
1405	724
4469	3372
6208	4284
443	518
5953	3150
888	1973
1174	3896
4953	492
5122	1806
5988	3681
4087	147
6087	889
4166	4273
6204	3968
1666	983
1041	709
5622	3480
4	10
2330	1224
3923	2555
4877	2988
1511	755
655	552
4543	2847
4160	344
3353	2750
3092	1778
1892	946
4851	2802
4122	1053
4835	3925
910	1885
1931	1041
2735	1616
2818	1663
6116	3792
874	1866
1709	814
771	1873
5171	3248
3205	3872
3337	2495
1963	1244
2163	4226
6433	4190
4798	3259
4301	2746
373	269
1384	2546
1692	807
369	1050
563	423
2916	1713
2852	1672
1186	3943
5908	3638
5302	3313
1311	719
6372	4045
802	647
4789	1196
3589	2672
2834	3217
6040	538
3574	2308
4310	3164
5918	3931
2217	914
2992	3719
4401	2322
494	35
2837	1669
3397	2215
2481	1442
3142	1795
4617	2865
1504	753
1542	24
3912	2542
5255	3149
3235	1845
3100	48
2939	1722
203	129
4241	2697
2099	347
4426	2816
2906	3765
2444	1911
4915	188
5618	3214
847	1846
3356	2192
2344	1237
1467	511
2181	1144
5546	3445
185	1430
5664	270
5147	3294
6281	540
5445	1337
6340	1482
3991	2595
2845	4285
2535	3195
6088	3754
843	581
4603	201
914	1888
4968	3033
2900	1508
4109	1662
5531	3429
5972	3631
2840	1670
5001	3086
2151	4080
6391	4213
1624	796
1689	3463
2472	1443
1564	3899
4424	1871
6338	3189
819	2806
3064	4037
4554	1848
3615	2330
709	588
4739	1897
4370	2759
581	432
1362	2067
418	533
2060	1349
3435	2231
4938	907
3141	4143
4795	2961
673	562
6309	477
2144	509
4140	2652
358	260
3216	1841
3106	1243
1502	3714
216	1687
3936	2549
2376	1272
2421	1351
5661	3486
2612	1525
5845	1162
1412	4246
654	1281
3084	3752
4653	237
3625	2338
4690	2897
6435	4194
3720	2412
4546	2485
6218	364
1476	3597
6310	497
2372	1271
5062	3099
2038	1073
990	687
4503	2824
4134	2648
6164	4005
2175	3209
3692	2395
267	187
1272	2027
1129	2101
3848	2480
6047	3799
4025	2603
311	234
295	220
858	1858
705	516
15	207
869	1865
3864	968
5335	3326
603	3233
2077	216
3148	1801
3570	2304
3390	2211
1472	34
5704	3504
2146	1123
5958	843
2532	733
2203	4051
2493	1506
6085	3762
1450	218
6373	1645
5293	3306
3012	1743
221	151
4757	3187
6245	1226
3236	1889
3375	3897
5411	3349
1216	2007
3086	487
6042	4286
2953	1731
6263	1150
2972	3760
2351	3649
3443	900
99	537
2885	1706
3320	2188
3323	2153
6144	1727
1876	934
179	4028
1040	710
5779	44
2923	1717
2713	1598
6097	3777
1382	2090
1187	2001
5782	2121
6240	4133
3932	2559
4148	2656
3585	2319
479	373
3667	2377
2551	1471
3315	2178
4551	3932
2255	1181
1212	475
94	1951
1717	821
2066	363
5868	3614
4932	3864
3293	837
576	3868
5045	2251
711	592
4175	4293
3952	2578
5056	3103
5568	3457
3953	2579
1215	2006
3110	1783
349	202
2964	4222
2874	1692
90	3297
5057	1570
612	3891
5924	2197
3729	1136
1490	970
1546	3909
878	1260
817	3878
6239	4022
2411	1299
2698	1585
3495	2263
3451	2238
5544	3447
3467	2972
6276	4061
3783	2454
870	3053
2695	2038
5480	3403
3578	2364
5179	3255
857	678
6099	3755
5910	1532
1269	2025
6000	334
5091	1908
3788	3420
218	148
288	4011
6194	3951
4585	64
1251	3875
1205	2004
5839	906
1528	27
6044	3788
4647	365
4581	2900
1146	1986
4704	2917
4116	2642
5231	1385
2785	2719
302	230
6174	3850
5734	3543
1428	730
3049	3767
1918	956
462	484
68	106
3246	1928
14	421
4167	3995
716	766
1758	1108
482	377
4917	3017
4326	2729
4342	2736
5365	3352
2408	1282
4521	2343
2173	1264
4782	2957
2623	1535
4805	2968
5325	4267
2091	1094
4609	2862
940	3825
1996	1032
2592	1425
3602	1804
336	992
2820	1633
3954	2581
1152	1990
5968	2845
5998	3691
296	221
3739	1346
1706	817
1612	790
800	646
2015	1058
4993	3051
5478	3651
5879	4162
2888	1695
2940	1723
568	1906
1817	4277
74	109
6320	1158
4768	2949
4680	2890
2018	975
1378	1370
245	2245
3968	1378
1613	791
3077	467
5244	2966
1544	512
5155	3252
5127	3146
3114	1785
2497	1451
5701	3501
5145	2620
4367	2757
5538	2118
4154	2660
2971	3723
5974	3673
5180	3258
5599	3473
5567	1861
6015	3604
6292	3632
2459	1422
3038	4218
5532	3429
3922	2554
3893	2524
2505	590
4227	1608
2607	1519
5072	3391
436	313
114	4014
5418	3333
4146	2655
2058	1083
4481	2812
1222	557
1886	943
1496	1461
3256	1934
2574	3037
2342	3198
3111	1782
534	549
3988	2594
5608	1018
5699	3497
6298	627
6438	4203
4364	2754
5706	3506
1811	2140
4975	3043
4286	4160
2639	4071
2430	1590
5693	3496
2033	1070
3563	2452
1512	986
2093	1095
2955	3813
3399	1200
4801	1967
1597	407
780	620
5011	2805
2564	4029
2931	1719
347	902
6098	3778
4269	2708
379	274
3638	1620
3771	2450
3334	2175
3945	2580
5364	3351
1674	4105
5500	1061
3227	1844
546	2665
6063	3645
1364	1476
6104	3816
5098	3125
1835	1302
1797	2488
4923	4108
2300	457
4991	3049
3844	2095
5822	3412
740	598
1293	2039
6362	1964
3329	2159
1980	1433
4158	2429
1276	2109
4055	2616
5970	3669
3151	3780
5952	3658
3392	3872
1140	1983
1839	2486
1410	4245
6221	786
1494	746
5289	332
1265	479
980	4166
1588	1879
3943	2562
928	1894
2279	2511
3664	2365
1846	883
3415	2224
4043	2614
6150	3834
3279	2609
4755	458
1635	801
2707	4254
4419	2784
1730	4235
5497	3393
3171	1811
886	1314
5650	3288
105	4220
370	264
4279	2715
433	311
143	1613
4538	2844
1206	454
4441	2796
178	116
1431	2397
2384	1284
1243	2017
1176	1999
6147	3833
1849	921
2298	1208
199	3310
4365	2755
1838	216
5669	3553
2428	1358
5021	3063
3462	3790
1249	2020
4616	2863
4902	509
3840	2471
5798	3583
1404	723
1880	939
6384	4135
1154	471
340	2625
4628	1046
2324	1231
207	2282
972	1922
1523	2523
492	3079
3933	2561
2605	1521
4756	1216
5453	3376
3137	1793
4408	2778
400	291
6411	1817
712	587
5577	2398
4648	366
83	3232
299	232
1979	1432
1261	2022
6389	2484
970	3880
2717	1603
394	2112
5149	1414
21	3858
6190	1493
3331	2182
4168	200
1989	4265
4667	3869
5282	3302
3210	1837
5574	3435
2941	1724
5249	3145
2111	3916
3484	2269
4498	1684
122	494
4069	2621
3440	2128
2973	903
5513	3419
5491	1040
1727	144
2251	2803
6177	3851
1891	945
2074	1089
4319	2725
191	121
5993	3686
6135	1412
1224	3872
4861	4291
4072	3753
2158	3846
5796	3581
5670	3487
4019	1918
3548	2298
699	1107
736	2987
932	1900
695	1033
249	169
4009	481
2232	782
2815	638
1738	833
5596	3802
3802	376
4601	2860
3176	1815
3763	2443
3863	967
2927	3771
2004	1047
4965	3032
3599	2326
1678	3877
2252	1389
3736	2418
5489	3424
3465	2239
1571	994
2284	1256
5292	3312
1461	742
1714	819
693	625
3239	1127
1696	1507
6049	3801
2889	1696
367	3861
4493	2822
247	2509
3124	1790
6247	4018
5071	3390
4271	4023
6230	3289
4303	2722
5291	333
4292	3437
2396	1956
469	339
4684	2893
6077	3721
6282	1577
1390	4003
5541	2262
65	3176
2835	1667
3476	1803
4017	1917
783	622
4060	16
6312	4099
5691	3493
2655	1323
543	409
6300	4064
372	276
993	689
4843	3022
1340	2055
176	124
2186	1152
927	2217
1413	4247
387	279
6108	1017
1059	2283
1299	4083
238	163
5893	3694
767	610
1760	3095
3766	2447
1572	3134
1641	3670
5379	2516
5515	3202
393	284
4120	2644
4807	1941
4517	2833
1828	869
5979	3671
1543	1586
879	1869
5475	3650
4450	1153
5954	3657
4216	2684
423	3937
2202	4052
1201	45
4705	2918
873	2962
26	50
5036	2207
3854	2508
2633	3229
1625	797
2716	1602
54	3863
3162	1807
1888	944
3856	2513
4550	1
1949	3938
3343	2181
124	89
42	510
852	1339
1380	3196
5467	3152
3779	2453
5814	3589
2317	1240
1225	555
5919	3639
388	281
188	119
569	426
6211	3293
1119	4255
3888	456
2231	955
2984	3811
5321	3323
5636	2610
3909	2539
6404	4156
4356	2752
4171	4296
2809	2356
876	1907
426	306
1065	1943
1780	856
1045	1925
5151	3239
4001	2592
4674	2888
4371	2760
2573	3921
4000	2590
4392	1213
5857	4225
3930	2560
4230	2693
2050	1014
40	102
5400	1796
3099	48
4663	3684
4633	2872
2375	1274
2333	1218
4418	2783
2976	2528
3207	3360
4375	2762
1171	2677
6425	3114
629	500
3604	2347
3691	2394
5236	3283
1491	3920
5533	3430
2581	1455
4957	3080
5623	3481
950	3980
2783	1656
3754	2436
3295	2183
2062	2908
3616	2331
2189	460
5719	3527
6327	4127
1007	695
1029	371
1940	3081
3680	2384
692	3212
1395	256
913	1886
5931	3641
2626	1374
2486	1449
4889	3903
3643	1447
813	674
1310	718
6408	1634
4718	520
5994	3689
2795	1626
5793	3576
182	117
3056	1762
1526	2531
6271	4057
5917	3635
3847	2478
4839	3522
294	219
3899	2533
3717	2410
4309	427
3254	2103
1399	2100
6001	839
4948	979
177	115
4875	449
4475	2237
3624	2427
989	686
2236	1013
2392	1288
3332	2160
3605	453
4214	2681
3609	2367
2017	1059
276	198
594	444
3698	2424
961	4188
2928	3786
1995	1031
3430	2226
1973	1008
310	233
2868	1680
618	483
1353	2078
4456	2804
5973	3672
1506	751
1026	703
2765	1647
3709	2402
1385	2547
1606	349
3960	2584
4430	2788
1488	985
3967	1377
2862	3927
2458	1417
4103	137
5999	3692
1878	935
6007	2035
4409	2785
5202	3311
4274	1310
1779	855
2423	1355
1732	4237
5358	3329
3928	2556
5008	3058
5625	3338
28	52
535	879
137	468
242	164
2082	1087
1344	2060
2751	1640
2378	1280
3469	3180
3447	362
3474	439
3764	2444
4722	2925
4898	993
5469	3388
4510	2831
3355	2191
664	565
258	176
2010	4096
584	433
2777	1636
1712	816
4501	2826
1708	3245
5715	4139
6107	3733
2570	1494
4490	1419
95	84
5193	3265
3572	2293
1376	1424
4776	2953
4180	2667
2588	1503
3564	2302
3837	2469
4689	2907
3105	3462
4666	335
884	3399
1423	3678
5148	859
4215	2682
342	337
103	536
3285	2130
1582	772
4128	1321
597	3440
5519	3423
3520	2280
702	1459
6056	3769
4520	2836
1554	3859
4866	613
689	571
4654	2881
268	186
547	412
5683	3298
6328	4089
149	143
3601	684
5624	4227
3366	2201
4115	2640
5852	4179
2435	1362
6125	846
4713	2920
5201	4039
5553	2168
5113	2284
2817	641
3813	3167
2391	1445
6253	3532
3232	1878
1260	4229
731	2615
1985	4264
1759	848
4638	2874
4320	3046
5645	3802
513	388
806	651
962	4186
4642	3873
159	1923
4540	11
3738	2420
1924	961
5528	3427
3529	2073
2527	1467
2368	2432
2135	901
62	70
3212	1839
498	989
5996	3688
2651	2031
3426	2228
6089	3730
4876	448
481	375
2632	1545
3980	2565
2520	1483
3882	2602
2269	1186
4824	2974
4518	2344
1984	4261
558	440
4584	4000
4853	3002
851	3067
111	1044
5834	1035
6321	4047
3855	2512
6260	4048
3610	2367
1505	752
3297	2225
1655	3231
3686	2390
6114	327
2869	1681
4780	2955
5501	3408
2967	3743
4278	3862
5389	2256
3152	3781
4852	3001
5472	3397
198	127
5639	4294
4020	1919
6313	2942
1551	3964
2235	1170
4772	2965
4525	2838
3803	505
1093	2065
3560	2296
3880	1129
41	101
1791	866
5735	3544
518	3092
5268	3286
3003	1741
5805	3586
4336	194
1634	472
6102	3809
607	633
667	560
3050	3767
2759	1575
3970	2587
5883	3622
538	405
6401	4154
899	1875
2337	2992
605	3159
2606	1518
4359	2753
2432	1295
3261	1938
4652	2880
1132	3118
3683	2385
1802	1242
4939	3894
4092	2633
10	39
3946	2575
6326	4054
1829	870
3842	2476
1002	691
777	4068
3078	199
5006	3058
1203	2010
4649	532
5891	3551
5665	2491
5283	3305
1349	2076
3272	2114
3007	1683
2602	1511
5133	3860
453	320
133	91
3727	2244
4692	507
5595	3795
32	59
3240	1915
804	670
4590	3994
333	253
2341	1221
3839	2472
5936	3929
51	105
5079	3111
5598	3475
3428	352
1751	1994
5012	4200
4526	2839
2924	1716
5157	4085
3829	1184
2908	1708
2913	1711
1803	1029
4735	2931
1656	916
3201	3181
4836	336
2468	1435
5556	215
5626	1423
2413	1401
3982	2564
3350	2187
2974	212
3202	2062
2064	3996
309	231
3767	2448
4446	2793
383	4033
5980	4038
2080	367
2669	1556
3360	2193
3819	3971
2457	2682
3834	2459
5620	3216
5336	3325
508	80
366	266
3266	480
6112	3763
1960	2525
6054	3797
4439	2791
6163	3843
2480	1441
5166	3890
4916	1019
5459	3949
1818	4276
1688	544
4393	2769
3852	2503
1926	963
2620	669
3268	2096
4636	508
3321	2189
3519	2279
2949	1730
6223	3207
3701	2388
2540	1479
259	175
2608	1522
5563	3162
6039	3727
2689	1582
3015	3756
234	159
3751	2608
2547	3647
5065	4076
5907	1258
1294	2040
4696	2913
2075	1085
5049	3077
3118	1788
1823	4279
4300	2721
3349	2184
509	385
3291	3387
1631	2243
119	1325
5916	3637
6041	3764
3336	2494
4511	2830
4089	145
2477	1438
2332	1217
6379	4092
1850	922
2108	1099
1309	2049
3795	2460
3857	2514
317	155
4797	3455
5694	3495
5647	4004
5486	3456
4404	2776
4457	2799
4730	2929
1343	1429
2781	4025
2957	1733
1827	919
1510	754
6252	1601
4280	2716
6048	1574
5135	1335
2112	1100
235	160
200	126
920	1500
2023	1062
1402	4243
1912	4169
39	103
1477	1235
5393	3337
6388	4150
4425	1948
6115	1991
3797	2999
196	3653
5394	3336
1446	738
2040	1075
2410	1298
455	660
1864	930
5143	2342
6189	3856
2119	4301
4374	2763
4530	2841
4340	2733
1889	369
2185	1151
3657	1520
2890	1697
3897	2532
2901	1703
3173	1813
4257	519
1814	3400
4142	2654
976	2057
541	2084
1341	3234
1561	764
4197	2671
4153	343
2563	1488
770	614
2622	1534
2951	3751
2220	1267
1711	815
4673	3208
2811	1658
1672	806
1578	66
461	485
2989	3759
145	4109
4407	2779
4900	1025
1697	1457
5578	3466
4451	2797
1796	868
4492	2823
3119	1787
4901	3068
6081	2313
5326	4269
1843	873
2198	1266
1991	1022
87	77
4429	2787
3048	534
5241	3139
3512	2274
3294	2185
3677	2382
595	2694
4775	3441
2424	1355
6024	3708
1121	1976
3348	2184
1933	3914
1574	998
3628	2350
1289	3192
797	644
2831	1666
2253	905
1259	1756
3134	3741
378	272
3161	541
3439	2128
882	1870
3718	2411
308	228
1623	794
3374	4042
4827	2977
1874	924
2361	1246
5685	3490
3796	531
841	3246
362	4116
6370	1644
2436	1361
6146	933
2584	1499
300	63
5061	3105
5186	874
3769	2446
4302	2742
1899	949
3101	49
4032	2504
1425	937
867	679
6439	2814
3208	1835
3074	183
11	29
5686	3491
6429	1120
1813	3102
6242	3357
5096	459
266	187
5967	3668
6231	3289
3044	1752
3929	2557
5727	3525
4627	2896
3556	4173
5102	424
4990	3083
4253	3562
3432	2230
3994	2598
3097	4002
1640	3437
5343	3038
3396	2214
6291	36
4796	3230
3019	3736
6079	3761
5783	3572
3338	2177
4573	2857
1618	792
3642	4056
5684	3489
2240	1268
5593	3471
5862	1404
5078	3108
1890	370
5871	3616
5100	3129
3457	2143
2754	1642
3098	1781
1068	1946
4237	2676
2761	1651
6192	3924
2335	1373
5965	3667
306	227
4672	1392
399	2241
2776	1635
923	1903
3752	2436
304	224
2774	1515
3221	3385
6067	3883
3545	2300
1306	2047
4724	446
2304	1492
5284	3301
3314	1342
889	1974
3725	2403
3421	1659
4428	1926
1953	463
1495	747
4345	2738
1207	2005
6387	4094
241	165
5322	3158
1815	4275
6140	368
3460	3599
440	316
1058	4206
3540	2289
210	139
5718	3535
1683	2086
5512	1399
592	3536
853	1852
2439	1364
1769	545
868	2056
2095	3578
4522	2836
236	161
5141	3321
2613	1517
5074	3906
6330	2138
3656	2374
6028	3709
3373	4043
3327	2154
2167	4257
2409	1283
718	584
1497	49
3016	3722
660	558
2887	1694
5248	3135
1854	4144
1553	3965
1862	929
3189	1828
6434	1227
1062	1574
3697	2428
4615	2
2334	4046
4321	1316
3836	2464
4660	2883
1515	757
6428	881
5499	1060
5662	4298
2326	3746
2363	1249
6248	4019
4006	209
6101	3624
3645	1446
1063	1574
3571	2305
4527	2840
1986	4262
3093	1779
519	1614
477	381
343	1038
4079	47
6090	1396
6207	3983
3466	3653
3514	2273
4275	1311
5000	3085
5726	3524
710	591
3998	2589
3051	3768
1580	2493
4765	2947
4941	3894
5884	243
1305	2045
696	1034
2094	1045
5603	4241
2365	1989
2358	1251
4098	2637
351	1067
2299	529
2414	872
1284	2034
1117	3904
1350	2079
4155	2661
1365	2063
5066	4075
5164	3892
4460	2801
3299	4060
5854	1254
4970	2069
3090	1777
1357	2066
5867	3612
2727	1630
3702	2399
3699	2425
437	315
5462	1147
3379	3912
151	3211
3716	2409
5915	3633
4871	21
4294	2718
3951	2577
6249	4021
4220	2687
3409	2222
3684	2386
1427	800
1765	3664
2668	3220
129	3712
642	547
1057	3715
1977	1431
4436	2789
2125	1171
2154	1126
4454	2798
1438	825
4629	1403
3713	2406
943	681
1919	959
6431	4176
470	340
1509	499
5630	4285
6055	3798
4041	1328
4865	2985
67	3131
5134	3320
826	3157
3211	1838
135	93
5432	3380
4810	2964
1158	1992
2836	1668
641	546
4014	2545
5791	4193
3063	2547
2553	4132
2455	1324
4973	3039
5611	3476
5195	3266
1317	1320
985	2731
814	672
5357	567
84	3139
4437	2790
4947	3020
3652	2361
2958	1734
1627	1434
1348	3438
4944	4111
1581	3579
2191	1265
3598	2325
2249	1173
3006	3819
2020	1084
3553	2295
3039	4215
964	4189
4914	3065
7	1028
5490	464
593	705
1915	965
4414	2483
530	400
2961	1736
2362	1247
6169	1318
4549	2850
5452	602
565	425
5297	3307
1394	3185
5443	3373
4918	1211
3172	1812
2035	1068
5700	3498
583	431
3009	1745
957	4184
2946	4103
5561	3101
80	3548
4186	2669
5415	3520
478	382
552	418
468	1690
3581	2316
5035	471
2672	1559
2008	517
1084	1959
121	493
3011	1744
6393	1115
2595	1512
1115	1977
5403	3340
2805	1564
3303	2146
5889	1380
6072	3814
5853	4180
942	1638
1604	788
4256	3560
5886	3625
1437	824
3582	2348
4618	2864
5981	3676
2663	470
2162	4023
1853	4145
4959	3028
33	58
2289	3998
2932	3747
2879	1805
6103	3732
2377	1287
4088	150
2265	1198
6184	3855
2903	4284
1049	4195
1762	1042
2328	3007
5351	3000
4058	3460
1720	3369
1701	1382
3648	1241
35	4290
1920	958
5841	3595
3132	3725
1441	736
2579	3205
6145	1726
4400	2773
5068	3240
653	551
4258	2705
3849	2381
2272	3227
2110	2253
3278	2387
3660	2371
1296	2041
1383	721
1239	3935
995	4174
3464	3652
153	97
1046	3184
438	314
2276	3986
741	2125
4746	2938
941	3096
6182	1390
4665	2884
5033	504
5170	3247
2246	329
3376	2204
3190	1827
474	4283
1965	1006
4994	3052
5932	3643
3552	2294
1179	3988
3505	1484
3123	3737
3405	4221
4950	3078
2755	1570
1126	1856
4399	2772
4033	2606
3289	779
3600	2325
1778	854
5562	3450
5471	3398
98	3957
1832	4274
4316	853
6325	4035
6120	3823
811	671
3723	2438
5152	3238
2295	1209
3782	4006
4247	2701
2399	3542
1462	4172
3222	4026
4026	2604
89	862
5764	3566
92	79
4678	2889
3448	2817
3949	2498
2001	1134
929	1896
223	152
754	649
1422	3679
1729	827
5904	2501
2327	1223
314	236
1559	4191
2762	1650
5815	3591
3881	2601
1474	32
3798	2461
3194	1831
1647	803
2697	1584
1221	556
6364	4125
4121	2643
202	130
4728	2927
463	325
5388	2255
4191	3952
503	383
2828	1975
3577	2310
5986	4167
3690	2393
2187	1239
3546	2292
4729	2928
1930	345
4542	3416
5725	3091
5456	3377
4758	3188
2096	1015
402	298
6119	3820
585	434
2089	1092
165	2242
3127	3758
2051	2186
4236	2675
2288	4240
2345	1236
1649	804
4287	566
3957	2582
796	643
365	267
31	57
204	135
213	941
1072	2522
4149	2657
289	2401
2325	1232
6369	4141
3871	2518
6407	4157
3780	2453
390	282
3031	3735
1090	1960
2637	1538
1125	2101
2933	3748
1411	447
5797	3582
6289	3228
1715	820
2711	1597
6185	2950
5521	3413
45	3952
2044	1081
4403	2774
2748	1611
3135	1763
4423	1125
4911	3013
5843	3153
679	1305
5353	3190
6058	3738
1801	3888
275	197
4566	2855
2907	3766
227	156
2993	3720
2115	1102
2339	1230
107	1024
4741	3972
2117	1101
2369	4223
4458	2800
1288	3191
2948	1729
2851	1671
4161	1009
2676	1562
420	1607
746	2748
2863	3928
4640	2875
1246	2018
1313	2690
6183	1384
5720	3529
3811	2457
3361	2194
2431	3122
2009	1966
2722	41
3450	1590
5444	4086
356	259
4245	2699
903	1214
4281	2714
2055	1740
3387	2212
2002	1135
6336	3700
1061	781
226	153
911	1884
542	410
2985	3807
1956	2526
3287	2252
6065	909
1398	2098
3302	2980
4462	3142
452	319
4139	2649
2673	1560
4548	623
1783	3224
1487	984
6214	3970
4694	2911
156	3882
6280	4030
1138	1987
1798	125
5081	3119
2504	1505
4246	2700
325	245
161	2165
2861	1677
2935	1721
1010	2862
1156	1992
2149	1263
967	1409
220	112
5028	3141
5097	459
1875	926
5408	2111
577	3554
3431	2229
261	177
2024	1063
2752	1688
2053	9
3420	3858
4339	2734
5123	4123
2355	3987
1166	1995
493	858
5118	3155
694	572
2245	1940
4621	4043
2780	1655
859	1859
4903	504
3987	2593
5592	3470
1547	2468
5881	3621
2546	3646
992	688
6358	4118
5703	4228
5590	3796
548	413
5182	3254
4691	2861
2516	1465
6337	4128
2621	1533
6213	3295
2589	1504
925	1893
4643	2876
2370	1259
4956	2996
5022	3072
1145	1262
2853	1673
1658	987
5402	3339
5305	3315
1524	3954
3220	3384
6122	3822
3364	2259
5604	67
2710	1596
3483	2250
4919	1210
3380	1851
2374	1273
2103	1098
417	4230
397	288
5842	3596
4107	2638
