83	284
84	284
85	284
123	348
151	371
152	371
153	371
154	371
155	371
156	371
172	381
173	381
174	381
175	381
176	381
177	381
178	381
179	381
222	465
355	508
356	508
379	515
380	515
381	515
382	515
383	515
384	515
385	515
386	515
387	515
388	515
389	515
390	515
391	515
392	515
393	515
394	515
395	515
396	515
397	515
398	515
399	515
400	515
401	515
402	515
403	515
404	515
405	515
406	515
407	515
408	515
409	515
410	515
411	515
412	515
413	515
431	530
439	531
441	533
442	533
454	568
455	574
456	574
468	585
512	590
516	591
517	591
518	592
534	605
536	608
551	623
552	623
594	664
596	666
605	672
607	678
608	678
609	686
616	713
630	718
642	729
658	742
659	742
660	742
693	766
694	766
695	766
697	770
698	770
706	775
707	775
708	775
709	775
710	775
711	775
712	775
713	775
714	775
715	775
716	803
731	846
740	858
741	858
742	858
743	858
744	858
748	896
749	896
750	896
757	953
758	953
759	955
760	960
761	960
762	960
780	979
781	979
810	995
818	1006
826	1012
838	1025
863	1045
864	1045
865	1045
866	1045
867	1045
868	1045
869	1045
870	1045
871	1045
872	1045
873	1045
874	1045
875	1045
876	1045
877	1045
878	1045
879	1045
880	1045
881	1045
882	1045
883	1045
884	1045
885	1045
886	1045
887	1045
888	1045
889	1045
890	1045
891	1045
892	1045
893	1045
894	1045
895	1045
896	1045
897	1045
898	1053
906	1067
911	1071
937	1086
986	1168
987	1168
988	1168
994	1172
998	1177
999	1179
1000	1179
1002	1187
1013	1189
1018	1192
1024	1202
1025	1202
1026	1202
1027	1202
1028	1202
1029	1202
1032	1209
1033	1209
1034	1209
1035	1209
1036	1209
1037	1209
1038	1209
1039	1209
1040	1209
1053	1243
1056	1246
1057	1246
1058	1246
1059	1246
1060	1246
1061	1246
1062	1246
1063	1246
1064	1246
1065	1246
1066	1246
1067	1246
1068	1246
1069	1246
1070	1246
1071	1246
1072	1246
1073	1246
1078	1260
1086	1264
1092	1294
1118	1321
1119	1325
1128	1351
1134	1360
1135	1360
1139	1363
1145	1370
1146	1371
1147	1371
1148	1371
1149	1371
1150	1371
1151	1371
1152	1371
1155	1375
1156	1375
1163	1385
1164	1385
1166	1387
1172	1396
1201	1418
1202	1418
1203	1418
1204	1418
1205	1418
1206	1418
1207	1418
1208	1418
1209	1418
1210	1418
1211	1418
1212	1418
1213	1418
1214	1418
1218	1455
1222	1464
1266	1483
1286	1493
1287	1494
1288	1494
1292	1498
1293	1498
1294	1498
1295	1498
1296	1498
1297	1498
1321	1514
1322	1514
1323	1515
1327	1516
1328	1517
1329	1517
1334	1533
1335	1547
1341	1551
1342	1551
1343	1551
1344	1551
1345	1552
1346	1552
1347	1552
1348	1552
1349	1552
1350	1552
1351	1552
1352	1552
1353	1552
1354	1552
1355	1552
1356	1555
1357	1556
1358	1556
1359	1558
1363	1564
1366	1565
1367	1566
1368	1568
1374	1574
1375	1574
1376	1574
1377	1574
1384	1583
1386	1585
1404	1599
1405	1599
1406	1606
1434	1646
1451	1650
1452	1655
1454	1657
1455	1660
1456	1660
1460	1665
1461	1665
1475	1677
1476	1677
1477	1677
1478	1677
1479	1677
1492	1687
1493	1689
1494	1690
1495	1691
1498	1695
1501	1699
1504	1704
1505	1705
1506	1705
1507	1705
1508	1705
1510	1710
1512	1712
1520	1717
1521	1717
1523	1719
1524	1719
1525	1719
1526	1723
1541	1734
1542	1735
1543	1736
1549	1741
1550	1743
1561	1750
1584	1755
1587	1757
1593	1760
1594	1761
1621	1774
1622	1777
1625	1778
1635	1782
1636	1782
1640	1783
1644	1785
1645	1785
1646	1786
1647	1789
1648	1789
1649	1792
1650	1797
1656	1800
1689	1832
1699	1867
1700	1868
1701	1868
1705	1871
1706	1871
1707	1871
1708	1872
1709	1872
1710	1874
1711	1875
1764	1946
1765	1949
1817	2005
1828	2007
1829	2008
1830	2008
1831	2008
1836	2019
1837	2019
1838	2019
1839	2019
1840	2019
1841	2019
1842	2019
1843	2019
1845	2025
1846	2025
1847	2027
1848	2027
1867	2036
1886	2041
1887	2041
1888	2041
1929	2093
1935	2101
1939	2103
1940	2109
1942	2110
1943	2111
1944	2111
1946	2112
1947	2112
1952	2120
1956	2124
1963	2127
1969	2144
1972	2149
1973	2149
1974	2149
1975	2149
1976	2149
1977	2149
1978	2149
1979	2149
1980	2149
1981	2149
1982	2149
1984	2152
1987	2157
1990	2165
1991	2167
2001	2169
2015	2177
2016	2177
2017	2177
2028	2180
2033	2191
2036	2193
2037	2197
2041	2200
2042	2200
2043	2200
2046	2208
2056	2212
2057	2214
2067	2221
2068	2222
2069	2222
2075	2229
2076	2229
2077	2229
2078	2229
2079	2229
2080	2229
2081	2229
2082	2229
2083	2229
2084	2229
2085	2229
2086	2229
2087	2229
2088	2229
2089	2229
2090	2229
2091	2229
2092	2229
2093	2229
2094	2229
2095	2229
2099	2251
2106	2256
2107	2256
2108	2256
2110	2259
2111	2259
2112	2260
2113	2260
2114	2260
2115	2260
2116	2262
2117	2262
2118	2262
2119	2262
2120	2262
2121	2262
2122	2262
2123	2262
2124	2262
2125	2262
2126	2262
2127	2262
2129	2280
2130	2281
2131	2281
2132	2281
2133	2281
2134	2283
2135	2284
2145	2287
2152	2294
2153	2294
2154	2294
2155	2294
2181	2301
2187	2310
2203	2318
2206	2320
2210	2324
2224	2337
2225	2338
2226	2338
2234	2345
2235	2345
2244	2349
2246	2350
2247	2350
2256	2356
2257	2356
2258	2356
2259	2356
2261	2358
2262	2358
2282	2387
2293	2400
2294	2400
2299	2401
2301	2406
2304	2407
2305	2407
2308	2411
2315	2413
2316	2413
2317	2413
2318	2415
2319	2415
2320	2415
2321	2415
2322	2415
2323	2415
2324	2415
2325	2415
2326	2415
2327	2415
2328	2415
2329	2415
2330	2415
2331	2415
2332	2415
2333	2415
2334	2415
2338	2418
2344	2427
2346	2429
2347	2429
2348	2429
2349	2430
2358	2433
2359	2433
2361	2441
2365	2445
2366	2445
2381	2451
2386	2454
2387	2454
2388	2454
2389	2454
2390	2454
2391	2454
2392	2454
2397	2460
2398	2462
2399	2462
2400	2462
2401	2462
2402	2462
2403	2462
2404	2462
2413	2478
2422	2483
2428	2487
2429	2487
2430	2487
2434	2488
2435	2488
2436	2489
2452	2519
2453	2519
2454	2519
2499	2561
2507	2563
2508	2563
2509	2563
2526	2584
2527	2585
2533	2589
2534	2589
2535	2589
2536	2589
2537	2589
2539	2600
2557	2608
2558	2608
2571	2617
2608	2651
2615	2657
2617	2659
2621	2665
2628	2674
2629	2674
2630	2674
2631	2674
2632	2674
2633	2674
2634	2674
2635	2674
2636	2674
2637	2674
2638	2674
2639	2674
2640	2674
2641	2674
2642	2674
2643	2674
2644	2674
2645	2674
2646	2674
2647	2674
2648	2674
2649	2674
2650	2674
2651	2674
2652	2674
2671	2785
2672	2785
2673	2785
2674	2785
2675	2785
2677	2791
2697	2809
2698	2809
2702	2810
2703	2810
2708	2813
2710	2821
2711	2822
2713	2824
2717	2836
2718	2836
2721	2838
2722	2838
2723	2838
2724	2838
2725	2844
2726	2844
2735	2858
2736	2858
2737	2860
2738	2860
2739	2860
2740	2860
2741	2860
2742	2860
2743	2860
2744	2860
2745	2860
2746	2860
2747	2860
2748	2860
2749	2860
2751	2866
2770	2877
2777	2879
2778	2879
2781	2881
2782	2881
2783	2881
2784	2881
2794	2891
2845	2928
2846	2932
2847	2932
2848	2932
2849	2932
2850	2932
2851	2932
2852	2932
2853	2932
2854	2932
2855	2932
2858	2953
2859	2953
2860	2953
2861	2953
2870	2962
2871	2962
2872	2962
2873	2962
2874	2962
2875	2962
2876	2962
2877	2962
2878	2962
2879	2962
2880	2962
2881	2962
2882	2962
2883	2962
2884	2962
2885	2962
2886	2962
2887	2962
2888	2962
2889	2962
2890	2962
2891	2962
2892	2962
2914	2998
2915	2998
2916	2998
2917	2998
2932	3005
2933	3005
2934	3005
2935	3005
2936	3005
2937	3005
2938	3005
2939	3005
2940	3005
2955	3014
2956	3014
2957	3014
2959	3021
2978	3044
2988	3053
2989	3053
2990	3053
2991	3053
2992	3053
2993	3053
3037	3083
3039	3085
3048	3092
3049	3092
3077	3105
3078	3108
3079	3108
3080	3111
3083	3116
3084	3116
3085	3116
3086	3116
3087	3116
3088	3116
3089	3116
3090	3116
3116	3120
3117	3120
3118	3120
3119	3120
3120	3120
3140	3134
3141	3134
3142	3134
3143	3134
3144	3134
3147	3139
3148	3140
3149	3142
3177	3151
3185	3155
3186	3155
3187	3155
3195	3167
3196	3167
3197	3167
3202	3190
3228	3207
3230	3208
3241	3219
3242	3219
3247	3222
3248	3223
3259	3226
3277	3243
3278	3243
3279	3243
3280	3243
3307	3278
3308	3278
3309	3281
3310	3281
3314	3283
3342	3293
3343	3295
3368	3302
3369	3302
3380	3309
3382	3310
3394	3313
3395	3313
3397	3314
3401	3321
3402	3321
3403	3321
3404	3321
3405	3324
3413	3327
3432	3341
3433	3341
3441	3350
3446	3368
3449	3371
3451	3374
3452	3378
3456	3382
3457	3382
3458	3382
3460	3385
3461	3385
3462	3385
3463	3385
3464	3385
3465	3385
3466	3385
3467	3385
3470	3390
3493	3407
3494	3407
3495	3407
3497	3409
3498	3410
3499	3412
3519	3437
3545	3456
3553	3460
3580	3485
3581	3485
3582	3485
3583	3485
3584	3485
3585	3485
3586	3485
3587	3485
3588	3485
3589	3485
3590	3485
3591	3485
3592	3485
3593	3485
3594	3485
3595	3485
3596	3485
3597	3485
3598	3485
3599	3485
3600	3485
3601	3485
3602	3485
3603	3485
3604	3485
3605	3485
3606	3485
3607	3485
3608	3485
3609	3485
3610	3485
3611	3485
3612	3485
3613	3485
3614	3485
3615	3485
3616	3485
3617	3485
3618	3485
3619	3485
3620	3485
3621	3485
3622	3485
3623	3485
3624	3485
3625	3485
3626	3485
3627	3485
3628	3485
3629	3485
3630	3485
3631	3485
3632	3485
3633	3485
3634	3485
3635	3485
3636	3485
3637	3485
3638	3485
3639	3485
3640	3485
3641	3485
3642	3485
3643	3485
3644	3485
3645	3485
3646	3485
3647	3485
3648	3485
3649	3485
3650	3485
3651	3485
3652	3485
3653	3485
3654	3485
3655	3485
3656	3485
3657	3485
3658	3485
3659	3485
3660	3485
3661	3485
3662	3485
3663	3485
3664	3485
3665	3485
3666	3485
3667	3485
3668	3485
3669	3485
3670	3485
3671	3485
3672	3485
3673	3485
3674	3485
3675	3485
3676	3485
3677	3485
3678	3485
3736	3584
3757	3594
3765	3600
3766	3600
3767	3600
3770	3602
3771	3602
3772	3603
3784	3613
3785	3613
3786	3613
3787	3613
3796	3641
3797	3641
3813	3659
3814	3659
3815	3659
3823	3662
3824	3662
3825	3663
3828	3671
3829	3671
3837	3679
3843	3682
3844	3682
3845	3682
3846	3682
3847	3682
3855	3694
3858	3696
3866	3700
3867	3700
3868	3700
3897	3730
3927	3747
3937	3752
3944	3773
3946	3775
3999	3830
4000	3830
4006	3836
4010	3839
4011	3840
4013	3841
4014	3841
4015	3841
4021	3849
4022	3850
4024	3854
4039	3870
4040	3870
4044	3871
4063	3879
4073	3883
4074	3884
4077	3886
4078	3886
4088	3893
4089	3893
4092	3898
4093	3898
4097	3904
4098	3905
4100	3929
4102	3934
4111	3940
4112	3940
4113	3947
4114	3947
4115	3947
4117	3948
4118	3949
4119	3949
4123	3954
4124	3955
4125	3955
4147	3970
4159	3983
4166	3992
4167	3992
4168	3992
4169	3992
4170	3992
4171	3992
4172	3992
4173	3992
4174	3992
4175	3992
4176	3992
4177	3992
4178	3992
4179	3992
4180	3992
4181	3992
4182	4013
4183	4013
4216	4027
4217	4027
4229	4046
4230	4046
4231	4046
4232	4046
4233	4046
4234	4046
4241	4071
4244	4078
4245	4078
4246	4078
4251	4105
4253	4108
4254	4108
4255	4108
4256	4108
4257	4108
4258	4108
4259	4108
4260	4108
4261	4108
4262	4108
4263	4108
4264	4108
4265	4108
4266	4108
4267	4108
4268	4108
4269	4108
4270	4108
4271	4108
4272	4108
4273	4108
4276	4164
4277	4164
4281	4171
4291	4188
4292	4190
4307	4211
4316	4218
4373	4277
4384	4285
4385	4285
4386	4285
4387	4285
4388	4285
4391	4294
4413	4310
4414	4310
4415	4310
4417	4314
4418	4314
4419	4314
4420	4314
4421	4314
4422	4314
4423	4314
4424	4314
4425	4314
4426	4314
4427	4314
4446	4330
4452	4339
4464	4346
4484	4397
4493	4440
4497	4450
4502	4458
4504	4461
4505	4462
4506	4462
4507	4462
4508	4462
4512	4469
4521	4475
4534	4500
4536	4502
4541	4504
4548	4513
4575	4522
4576	4522
4577	4522
4578	4522
4613	4556
4614	4556
4628	4559
4632	4560
4744	4602
4750	4655
4757	4661
4758	4663
4763	4669
4805	4678
4806	4678
4810	4679
4811	4679
4812	4679
4813	4679
4814	4679
4815	4679
4816	4679
4817	4679
4818	4679
4819	4679
4835	4692
4844	4699
4845	4699
4846	4699
4847	4705
4848	4705
4849	4705
4850	4705
4851	4705
4852	4705
4853	4705
4854	4705
4855	4705
4856	4705
4857	4710
4861	4711
4864	4714
4865	4714
4866	4714
4867	4714
4868	4714
4869	4721
4871	4722
4888	4730
4911	4742
4912	4742
4924	4756
4925	4756
4931	4765
4932	4765
4958	4844
4959	4844
4960	4845
4988	4896
4989	4896
4990	4896
4991	4896
4992	4896
4996	4908
4997	4908
4998	4908
4999	4908
5000	4908
5005	4953
5015	4966
5020	4969
5021	4969
5022	4969
5023	4969
5024	4969
5025	4969
5026	4969
5027	4969
5028	4969
5029	4969
5030	4969
5031	4969
5032	4969
5064	5042
5065	5045
5066	5045
5067	5045
5068	5047
5069	5051
5070	5051
5077	5055
5078	5055
5079	5055
5090	5073
5095	5080
5111	5102
5161	5139
5167	5149
5168	5149
5171	5152
5200	5168
5201	5171
5202	5171
5216	5197
5217	5197
5218	5197
5219	5197
5220	5197
5221	5197
5222	5197
5223	5197
5224	5197
5225	5197
5226	5197
5227	5197
5228	5197
5229	5197
5230	5197
5231	5197
5232	5197
5233	5197
5234	5197
5235	5197
5236	5197
5237	5197
5238	5197
5239	5197
5240	5197
5241	5197
5242	5197
5243	5197
5244	5197
5245	5197
5246	5197
5247	5197
5248	5197
5249	5197
5250	5197
5251	5197
5252	5197
5253	5197
5254	5197
5255	5197
5256	5197
5257	5197
5258	5197
5259	5197
5260	5197
5265	5325
5266	5325
5267	5325
5268	5325
5269	5325
5270	5325
5271	5325
5279	5359
5280	5359
5281	5359
5282	5359
5283	5359
5284	5359
5285	5369
5286	5370
5287	5370
5288	5370
5303	5385
5304	5385
5305	5391
5306	5391
5320	5421
5328	5428
5346	5464
5356	5486
5357	5486
5358	5486
5369	5489
5370	5489
5379	5496
5383	5499
5384	5499
5385	5499
5386	5500
5395	5504
5454	5541
5456	5544
5457	5545
5592	5578
5606	5610
5621	5617
5622	5617
5627	5621
5628	5621
5629	5621
5630	5621
5631	5621
5632	5621
5633	5621
5634	5621
5638	5623
5639	5623
5646	5624
5647	5624
5648	5624
5649	5624
5662	5636
5663	5636
5676	5642
5679	5648
5680	5648
5689	5655
5691	5659
5692	5660
5694	5662
5695	5664
5696	5664
5698	5667
5699	5667
5701	5675
5705	5677
5709	5682
5710	5682
5711	5683
5712	5684
5713	5684
5714	5684
5715	5684
5716	5684
5717	5688
5719	5689
5743	5733
5750	5778
5754	5795
5759	5799
5760	5799
5771	5805
5772	5805
5773	5805
5774	5808
5775	5808
5780	5815
5798	5823
5802	5825
5803	5825
5804	5825
5805	5827
5813	5836
5814	5837
5820	5845
5821	5845
5823	5847
5824	5848
5825	5848
5841	5891
5849	5904
5851	5907
5852	5907
5853	5910
5854	5911
5863	5925
5864	5926
5867	5930
5869	5931
5913	5965
5915	5971
5916	5976
5917	5982
5921	5983
5922	5983
5926	5986
5927	5986
5961	5999
5965	6005
5966	6005
5982	6043
5984	6044
5988	6045
5995	6072
5996	6072
5997	6072
5998	6072
5999	6072
6000	6072
6001	6072
6002	6072
6003	6072
6004	6072
6005	6072
6006	6072
6007	6072
6008	6072
6027	6178
6030	6205
6031	6206
6033	6212
6037	6216
6054	6228
6061	6232
6074	6243
6075	6243
6076	6243
6080	6245
6084	6251
6085	6251
6086	6257
6090	6265
6091	6265
6097	6272
6102	6277
6107	6279
6108	6279
6109	6279
6110	6279
6111	6279
6112	6279
6113	6279
6114	6279
6126	6284
6127	6284
6138	6288
6139	6288
6145	6296
6149	6309
6159	6322
6160	6322
6161	6322
6162	6322
6163	6322
6164	6322
6165	6322
6166	6322
6167	6322
6168	6322
6169	6322
6170	6322
6171	6322
6172	6322
6173	6322
6174	6322
6175	6322
6176	6322
6177	6322
6178	6322
6179	6322
6180	6322
6181	6322
6182	6322
6184	6324
6185	6324
6186	6324
6187	6324
6188	6324
6189	6324
6190	6326
6213	6350
6215	6355
6216	6355
6247	6384
6249	6388
6255	6395
6256	6396
6268	6406
6272	6418
6273	6418
6274	6418
6275	6418
6276	6418
6277	6418
6278	6418
6279	6418
6280	6418
6281	6418
6288	6427
6289	6427
6290	6427
6291	6427
6292	6427
6293	6427
6294	6427
6295	6427
6296	6427
6297	6427
6298	6427
6299	6427
6309	6447
6310	6448
6314	6451
6328	6475
6331	6480
6332	6480
6333	6480
6334	6480
6370	6496
6371	6498
6372	6498
6373	6500
6374	6500
6375	6500
6376	6500
6377	6500
6378	6500
6379	6500
6380	6500
6381	6500
6382	6500
6383	6500
6384	6500
6385	6504
6386	6504
6387	6504
6399	6507
6400	6507
6401	6507
6402	6507
6403	6507
6404	6507
6405	6507
6406	6507
6407	6507
6408	6507
6409	6510
6410	6510
6411	6510
6420	6516
6445	6537
6449	6542
6450	6542
6480	6549
6481	6551
6482	6551
6493	6560
6494	6560
6495	6560
6496	6560
6497	6560
6499	6562
6500	6562
6501	6562
6506	6564
6507	6564
6508	6565
6509	6565
6510	6565
6511	6565
6512	6566
6543	6588
6547	6599
6548	6605
6549	6606
6556	6610
6560	6614
6561	6614
6562	6614
6563	6619
6564	6620
6580	6637
6581	6637
6582	6640
6583	6640
6588	6675
6589	6678
6603	6711
6604	6711
6605	6711
6606	6711
6607	6711
6608	6711
6609	6711
6610	6711
6611	6711
6612	6711
6613	6711
6614	6711
6615	6711
6616	6711
6617	6711
6618	6711
6619	6711
6620	6711
6621	6711
6622	6711
6623	6711
6624	6711
6625	6711
6626	6711
6627	6711
6631	6745
6632	6745
6633	6745
6634	6745
6635	6745
6636	6745
6662	6790
6663	6792
6664	6792
6665	6799
6667	6800
6669	6803
6670	6803
6671	6803
6762	6924
6763	6924
6764	6924
6765	6924
6766	6924
6767	6924
6768	6924
6816	6959
6817	6959
6818	6959
6819	6959
6820	6962
6821	6964
6822	6964
6823	6964
6824	6964
6825	6964
6826	6964
6832	7018
6834	7019
6835	7019
6836	7019
6837	7019
6838	7019
6839	7019
6840	7019
6841	7019
6842	7019
6843	7019
6844	7019
6845	7019
6846	7019
6847	7019
6848	7031
6849	7031
6850	7031
6851	7031
6852	7031
6853	7031
6854	7031
6855	7031
6856	7031
6866	7044
6867	7044
6925	7075
6926	7075
6927	7075
6928	7078
6936	7089
6937	7089
6938	7089
6939	7089
6940	7089
6941	7089
6942	7089
6958	7100
7043	7276
7044	7277
7045	7277
7046	7277
7047	7277
7048	7277
7049	7277
7050	7277
7051	7277
7052	7277
7053	7277
7054	7277
7055	7277
7056	7277
7057	7277
7058	7277
7059	7277
7060	7277
7061	7277
7062	7277
7063	7277
7064	7277
7065	7277
7066	7277
7067	7277
7068	7277
7069	7277
7070	7277
7071	7277
7072	7277
7073	7277
7074	7277
7075	7277
7076	7277
7077	7277
7078	7277
7079	7277
7080	7277
7081	7277
7082	7277
7083	7277
7084	7277
7085	7277
7086	7277
7087	7277
7088	7277
7089	7277
7090	7277
7091	7277
7092	7277
7093	7277
7094	7277
7095	7277
7096	7277
7097	7277
7098	7277
7099	7277
7100	7277
7101	7277
7102	7277
7103	7277
7104	7277
7105	7277
7106	7277
7107	7277
7108	7277
7109	7277
7110	7277
7111	7277
7112	7277
7113	7277
7114	7277
7115	7277
7116	7277
7117	7277
7118	7277
7119	7277
7120	7277
7121	7277
7122	7277
7123	7277
7124	7277
7125	7277
7126	7277
7127	7277
7128	7277
7129	7277
7130	7277
7131	7277
7132	7277
7133	7277
7134	7277
7135	7277
7136	7277
7137	7277
7138	7277
7139	7277
7140	7277
7141	7277
7142	7277
7143	7277
7144	7277
7145	7277
7146	7277
7147	7277
7148	7277
7149	7277
7150	7277
7151	7277
7152	7277
7153	7277
7154	7277
7155	7277
7156	7277
7157	7277
7158	7277
7159	7277
7160	7277
7161	7277
7162	7277
7163	7277
7164	7277
7165	7277
7166	7277
7167	7277
7168	7277
7169	7277
7170	7277
7171	7277
7172	7277
7186	7541
7187	7541
7188	7541
7226	7566
7232	7585
7272	7693
7273	7694
7276	7697
7282	7728
7308	7743
7309	7743
7310	7743
7311	7743
7312	7743
7313	7748
7314	7748
7360	7807
7362	7810
7369	7814
7371	7819
7372	7819
7382	7849
7383	7853
7392	7858
7393	7858
7394	7858
7395	7858
7396	7858
7397	7858
7398	7858
7399	7858
7403	7865
7413	7919
7415	7921
7417	7924
7429	7931
7435	7936
7443	7939
7446	7944
7452	7953
7499	8004
7500	8006
7501	8006
7502	8006
7503	8006
7504	8008
7505	8008
7506	8010
7507	8010
7509	8011
7512	8018
7513	8018
7537	8032
7539	8040
7550	8058
7555	8059
7557	8061
7612	8128
7617	8131
7637	8160
7638	8160
7639	8161
7645	8165
7650	8181
7664	8201
7674	8213
7693	8263
7700	8269
7701	8269
7703	8271
7719	8311
7720	8312
7721	8312
7722	8312
7736	8326
7738	8327
7739	8328
7758	8340
7760	8343
7771	8354
7784	8366
7785	8366
7786	8366
7787	8366
7788	8366
7789	8366
7790	8366
7791	8366
7792	8366
7793	8366
7794	8366
7795	8366
7796	8366
7809	8386
7810	8386
7811	8386
7812	8386
7813	8386
7814	8386
7815	8386
7816	8386
7817	8386
7818	8386
7819	8386
7820	8386
7821	8386
7822	8392
7842	8410
7858	8417
7861	8421
7878	8435
7891	8453
7892	8453
7894	8458
7908	8463
7909	8463
7910	8464
7911	8465
7912	8465
7915	8469
7916	8469
7965	8536
7970	8549
7977	8554
7989	8574
7990	8578
7991	8578
7992	8578
7993	8578
7994	8578
7995	8578
7996	8578
8008	8597
8033	8609
8034	8609
8038	8614
8039	8614
8040	8615
8041	8616
8046	8622
8047	8622
8048	8622
8049	8622
8050	8622
8051	8622
8052	8623
8059	8634
8069	8640
8081	8653
8088	8672
8089	8673
8107	8683
8108	8683
8113	8686
8114	8687
8116	8690
8136	8709
8139	8711
8140	8711
8141	8711
8142	8711
8143	8711
8144	8711
8145	8711
8146	8711
8147	8711
8148	8711
8149	8711
8150	8711
8151	8711
8152	8711
8153	8711
8154	8711
8178	8731
8179	8731
8180	8731
8209	8750
8210	8750
8211	8750
8212	8750
8213	8750
8214	8750
8216	8820
8217	8820
8218	8820
8248	8849
8249	8851
8253	8866
8257	8872
8269	8926
8270	8926
8274	8935
8277	8938
8280	8942
8281	8942
8283	8945
8296	8951
8305	8974
8316	8978
8317	8978
8318	8979
8319	8979
8323	8985
8330	8986
8331	8986
8332	8986
8340	8994
8341	8994
8342	8994
8343	8994
8345	8996
8346	8997
8350	9001
8364	9005
8367	9012
8373	9026
8374	9028
8375	9033
8382	9040
8386	9043
8387	9048
8389	9052
8393	9054
8394	9054
8404	9066
8405	9066
8407	9072
8408	9072
8422	9081
8423	9082
8424	9082
8425	9082
8426	9082
8427	9082
8428	9082
8431	9087
8432	9088
8439	9090
8440	9090
8441	9090
8442	9090
8443	9090
8446	9091
8451	9093
8454	9096
8460	9099
8461	9099
8462	9099
8463	9099
8465	9103
8472	9145
8473	9146
8474	9146
8475	9146
8476	9146
8482	9166
8491	9175
8492	9175
8493	9175
8501	9232
8509	9246
8568	9294
8569	9295
8573	9296
8577	9300
8583	9306
8584	9306
8585	9306
8586	9306
8587	9306
8588	9306
8589	9306
8590	9306
8591	9306
8592	9306
8593	9306
8594	9306
8595	9306
8596	9306
8597	9306
8599	9326
8610	9333
8611	9333
8612	9333
8613	9333
8614	9333
8615	9333
8616	9333
8617	9333
8618	9333
8619	9333
8620	9333
8621	9333
8622	9333
8623	9333
8624	9333
8628	9349
8629	9349
8630	9351
8634	9359
8636	9362
8637	9362
8657	9376
8659	9377
8683	9401
8684	9401
8693	9423
8694	9424
8697	9427
8698	9427
8699	9427
8700	9427
8701	9427
8702	9427
8708	9472
8732	9485
8742	9488
8765	9511
8766	9511
8767	9511
8768	9517
8769	9517
8770	9517
8771	9519
8774	9523
8786	9526
8820	9544
8828	9547
8830	9549
8835	9550
8843	9555
8845	9560
8846	9560
8847	9560
8848	9560
8854	9565
8855	9565
8856	9565
8857	9565
8858	9565
8859	9565
8860	9565
8861	9565
8862	9565
8863	9570
8864	9570
8865	9570
8866	9570
8867	9570
8868	9570
8869	9570
8870	9570
8871	9570
8872	9570
8873	9570
8874	9570
8875	9570
8876	9570
8877	9570
8878	9570
8879	9570
8880	9570
8881	9570
8882	9570
8883	9570
8884	9570
8885	9570
8886	9570
8887	9570
8888	9570
8889	9570
8890	9570
8891	9570
8892	9570
8893	9570
8894	9570
8895	9570
8896	9570
8897	9570
8898	9570
8899	9570
8900	9570
8901	9570
8902	9570
8903	9570
8904	9570
8905	9570
8906	9570
8907	9570
8908	9570
8909	9570
8910	9570
8911	9570
8912	9570
8913	9570
8914	9570
8915	9570
8916	9570
8917	9570
8918	9570
8919	9570
8920	9570
8921	9570
8922	9570
8923	9570
8924	9570
8925	9570
8926	9570
8927	9570
8928	9570
8929	9570
8930	9570
8931	9570
8932	9570
8933	9570
8934	9570
8935	9570
8936	9570
8937	9570
8938	9570
8939	9570
8940	9570
8941	9570
8942	9570
8943	9570
8944	9570
8945	9570
8946	9570
8950	9647
8951	9647
8960	9654
8961	9654
8962	9654
8963	9654
8979	9671
8980	9671
8981	9672
8982	9672
8983	9672
8984	9672
8986	9673
8999	9682
9000	9682
9001	9682
9024	9749
9025	9749
9043	9774
9044	9774
9045	9774
9046	9774
9047	9774
9052	9781
9062	9787
9063	9788
9064	9788
9065	9788
9066	9788
9067	9788
9068	9788
9072	9794
9089	9807
9090	9808
9091	9808
9092	9808
9093	9808
9095	9810
9096	9810
9097	9810
9098	9810
9106	9820
9118	9828
9122	9830
9123	9830
9129	9831
9133	9833
9139	9861
9140	9863
9141	9864
9142	9864
9149	9869
9158	9877
9161	9879
9162	9880
9165	9881
9166	9881
9167	9881
9168	9881
9177	9885
9178	9885
9182	9892
9185	9893
9186	9895
9195	9900
9196	9900
9197	9901
9198	9901
9199	9901
9200	9901
9201	9901
9205	9905
9220	9921
9221	9921
9223	9923
9227	9929
9228	9929
9229	9929
9230	9929
9231	9929
9233	9941
9235	9943
9240	9945
9303	9980
9310	9981
9314	9983
9315	9983
9344	10010
9371	10033
9376	10067
9377	10069
9379	10071
9380	10071
9382	10078
9395	10097
9396	10098
9403	10102
9404	10102
9405	10103
9406	10103
9430	10120
9431	10120
9432	10120
9506	10165
9507	10165
9534	10191
9536	10193
9537	10194
9539	10201
9540	10201
9544	10208
9547	10215
9548	10215
9631	10264
9632	10264
9633	10264
9634	10264
9654	10278
9655	10280
9679	10313
9683	10322
9684	10322
9687	10324
9688	10326
9716	10371
9717	10371
9718	10371
9731	10385
9732	10385
9733	10385
9736	10390
9745	10398
9746	10399
9748	10402
9749	10402
9750	10402
9751	10402
9761	10412
9790	10442
9791	10442
9792	10442
9793	10442
9794	10443
9807	10451
9812	10453
9814	10454
9815	10454
9818	10455
9819	10455
9820	10455
9821	10455
9825	10458
9826	10458
9827	10459
9831	10463
9832	10464
9833	10466
9840	10485
9842	10492
9848	10510
9856	10511
9861	10515
9875	10521
9876	10521
9877	10522
9878	10522
9879	10524
9887	10534
9888	10534
9889	10534
9890	10534
9891	10534
9892	10534
9893	10534
9898	10539
9899	10539
9900	10539
9901	10539
9902	10539
9903	10539
9904	10539
9905	10539
9906	10539
9914	10551
9915	10551
9945	10586
9961	10590
9962	10590
9963	10590
9964	10590
9965	10593
9990	10607
9991	10607
9992	10607
9993	10607
10016	10625
10017	10625
10026	10639
10034	10654
10035	10654
10040	10688
10045	10693
10052	10696
10056	10703
10057	10703
10058	10703
10059	10704
10075	10726
10077	10730
10081	10733
10084	10734
10085	10735
10086	10735
10087	10735
10088	10735
10091	10746
10108	10750
10111	10754
10112	10754
10113	10754
10127	10764
10128	10764
10136	10771
10137	10771
10138	10771
10149	10775
10150	10775
10151	10777
10158	10784
10176	10805
10183	10817
10184	10817
10185	10817
10186	10817
10187	10817
10188	10817
10189	10817
10190	10817
10191	10817
10192	10817
10240	10905
10255	10938
10264	10946
10265	10946
10266	10946
10271	10951
10279	10960
10280	10960
10290	10972
10291	10972
10292	10972
10293	10972
10294	10972
10295	10972
10296	10975
10297	10975
10298	10977
10306	10996
10307	10996
10308	10996
10309	10996
10310	10996
10311	10996
10312	10996
10313	10996
10314	10996
10315	10996
10316	10996
10317	10996
10318	10996
10319	10996
10320	10996
10321	10996
10322	10996
10323	10996
10324	10996
10325	10996
10326	10996
10327	10996
10328	10996
10329	10996
10330	10996
10331	10996
10332	10996
10333	10996
10334	10996
10335	10996
10336	10996
10337	10996
10338	10996
10339	10996
10340	10996
10341	10996
10342	10996
10343	10996
10344	10996
10345	10996
10346	10996
10347	10996
10348	10996
10349	10996
10350	10996
10351	11043
10352	11043
10353	11043
10383	11071
10384	11071
10385	11071
10386	11071
10387	11071
10388	11071
10389	11071
10391	11074
10392	11074
10393	11074
10394	11074
10395	11074
10396	11074
10397	11074
10398	11074
10399	11074
10403	11104
10404	11104
10409	11109
10410	11109
10411	11109
10418	11113
10425	11118
10429	11119
10434	11120
10436	11123
10439	11126
10441	11129
10442	11129
10443	11130
10444	11130
10462	11180
10470	11184
10472	11186
10474	11189
10475	11189
10476	11189
10477	11189
10478	11189
10479	11189
10486	11195
10493	11199
10504	11206
10507	11210
10508	11210
10509	11210
10510	11210
10513	11214
10516	11218
10518	11219
10522	11224
10523	11224
10524	11225
10537	11232
10560	11246
10581	11272
10594	11276
10595	11276
10597	11280
10598	11280
10599	11280
10600	11280
10601	11280
10602	11281
10603	11281
10606	11296
10607	11299
10608	11300
10610	11302
10611	11303
10612	11303
10613	11305
10615	11307
10618	11308
10629	11322
10642	11332
10654	11344
10761	11425
10766	11428
10767	11428
10768	11428
10769	11428
10770	11428
10771	11428
10772	11428
10773	11428
10774	11428
10775	11428
10776	11428
10777	11428
10783	11474
10798	11484
10817	11491
10836	11497
10848	11505
10849	11505
10850	11505
10868	11535
10869	11536
10870	11536
10879	11545
10880	11545
10881	11545
10882	11545
10884	11546
10885	11546
10889	11551
10895	11561
10905	11575
10906	11576
10928	11604
10932	11605
10943	11615
10966	11649
10982	11669
10984	11670
10985	11670
10992	11683
10994	11686
11053	11714
11054	11714
11055	11714
11056	11714
11078	11731
11083	11733
11085	11737
11086	11739
11087	11739
11088	11742
11092	11755
11119	11791
11147	11801
11151	11808
11244	11901
11245	11902
11267	11919
11292	11931
11293	11931
11294	11931
11295	11931
11296	11931
11297	11931
11298	11931
11299	11931
11300	11931
11301	11931
11302	11931
11303	11931
11304	11931
11305	11931
11306	11931
11307	11931
11308	11931
11309	11931
11310	11931
11311	11931
11312	11931
11313	11931
11314	11931
11315	11931
11316	11931
11317	11931
11318	11931
11319	11931
11320	11931
11321	11931
11322	11931
11323	11931
11324	11931
11325	11931
11326	11931
11327	11931
11328	11931
11329	11931
11330	11931
11331	11931
11332	11931
11333	11931
11334	11931
11335	11931
11336	11931
11337	11931
11338	11931
11339	11931
11340	11931
11341	11931
11342	11931
11343	11931
11344	11931
11345	11931
11346	11931
11347	11931
11348	11931
11349	11931
11350	11931
11351	11931
11352	11931
11353	11931
11354	11931
11355	11931
11356	11931
11357	11931
11370	12033
11372	12035
11373	12035
11385	12042
11392	12043
11436	12090
11437	12090
11441	12095
11442	12096
11443	12096
11444	12096
11448	12098
11464	12117
11465	12117
11492	12142
11493	12144
11495	12147
11496	12147
11497	12148
11498	12149
11499	12152
11564	12218
11565	12218
11579	12232
11651	12321
11652	12321
11653	12322
11664	12335
11665	12335
11666	12337
11667	12337
11668	12337
11669	12337
11670	12337
11671	12337
11672	12337
11673	12337
11674	12337
11675	12337
11676	12337
11677	12337
11678	12337
11681	12344
11685	12349
11763	12406
11764	12406
11771	12416
11774	12420
11775	12420
11776	12420
11777	12420
11778	12420
11779	12420
11780	12420
11781	12420
11782	12425
11785	12428
11786	12431
11787	12441
11788	12442
11795	12445
11810	12451
11811	12451
11821	12466
11822	12467
11823	12468
11845	12481
11857	12493
11862	12495
11863	12495
11905	12507
11911	12508
11912	12509
11913	12509
11932	12518
11933	12518
11934	12518
11935	12518
11936	12518
11937	12518
11938	12518
11958	12536
11962	12540
11970	12549
11971	12549
11976	12552
11977	12552
11978	12552
11985	12555
11986	12555
12021	12586
12045	12605
12046	12605
12049	12607
12050	12607
12051	12607
12052	12607
12053	12607
12078	12626
12079	12626
12080	12626
12084	12629
12089	12636
12120	12659
12124	12663
12149	12672
12150	12672
12152	12673
12155	12682
12156	12689
12158	12690
12167	12711
12205	12748
12207	12750
12208	12750
12209	12752
12211	12753
12228	12772
12238	12775
12239	12775
12252	12785
12268	12792
12270	12797
12271	12799
12280	12805
12307	12823
12308	12823
12309	12823
12317	12840
12318	12840
12320	12842
12321	12842
12322	12842
12323	12842
12332	12846
12335	12850
12336	12855
12339	12857
12340	12857
12341	12857
12344	12861
12345	12867
12352	12869
12355	12876
12365	12881
12366	12891
12368	12894
12371	12901
12372	12901
12373	12901
12380	12906
12406	12929
12407	12929
12410	12930
12422	12937
12431	12945
12432	12945
12512	12972
12552	12987
12553	12987
12554	12987
12555	12987
12556	12993
12626	13020
12628	13025
12637	13038
12665	13059
12670	13060
12671	13060
12672	13060
12673	13060
12674	13060
12675	13060
12676	13060
12677	13060
12678	13060
12679	13060
12680	13060
12681	13060
12682	13060
12683	13060
12684	13060
12685	13060
12686	13060
12687	13060
12688	13060
12689	13060
12690	13060
12691	13060
12692	13060
12712	13086
12723	13094
12724	13094
12725	13097
12726	13097
12728	13098
12730	13100
12739	13109
12742	13111
12769	13120
12773	13122
12785	13130
12786	13130
12787	13130
12788	13130
12851	13169
12852	13170
12853	13170
12861	13181
12863	13182
12864	13182
12865	13182
12870	13187
12882	13203
12883	13203
12884	13203
12887	13205
12888	13205
12889	13205
12898	13211
12899	13211
12902	13214
12903	13214
12908	13218
12909	13218
12910	13218
12911	13218
12912	13218
12926	13230
12927	13231
12934	13234
12935	13234
12939	13238
12940	13264
12941	13266
12946	13275
12949	13278
12957	13291
12959	13292
12975	13309
12976	13309
12983	13310
12984	13314
12995	13323
13001	13336
13009	13347
13014	13351
13022	13358
13023	13358
13024	13358
13026	13367
13040	13371
13052	13393
13074	13399
13075	13399
13077	13402
13078	13402
13079	13402
13080	13402
13081	13402
13115	13438
13116	13438
13117	13438
13118	13438
13119	13438
13120	13438
13121	13438
13122	13438
13123	13438
13126	13445
13127	13445
13673	13466
13674	13466
13675	13466
13693	13491
13694	13496
13717	13502
13718	13502
13719	13502
13720	13502
13721	13502
13722	13502
13723	13502
13724	13502
13725	13502
13726	13502
13727	13502
13728	13502
13729	13502
13730	13502
13731	13502
13732	13502
13733	13502
13734	13502
13735	13502
13736	13502
13737	13502
13751	13567
13753	13570
13754	13573
13781	13591
13805	13605
13808	13613
13819	13617
13831	13628
13832	13628
13833	13628
13940	13721
13941	13721
13942	13721
13943	13721
13944	13721
13945	13721
13946	13721
13947	13721
13948	13723
13949	13723
13955	13731
13959	13734
13960	13734
13962	13736
13963	13736
13965	13745
13974	13749
13975	13749
13984	13753
13996	13762
13997	13762
14010	13775
14013	13777
14019	13782
14025	13785
14026	13786
14027	13787
14028	13787
14029	13787
14037	13791
14041	13795
14043	13796
14048	13800
14053	13801
14055	13803
14057	13804
14063	13816
14074	13830
14075	13831
14076	13831
14080	13841
14082	13843
14083	13843
14085	13844
14087	13845
14092	13847
14114	13858
14115	13858
14122	13862
14129	13881
14130	13881
14131	13881
14132	13881
14133	13881
14134	13881
14135	13881
14140	13892
14141	13892
14142	13892
14147	13900
14149	13907
14150	13907
14151	13911
14152	13911
14156	13915
14157	13919
14164	13931
14177	13943
14433	13977
14442	13988
14443	13988
14451	13995
14456	14003
14457	14003
14458	14005
14459	14005
14460	14006
14463	14011
14464	14011
14465	14011
14466	14011
14467	14011
14470	14014
14471	14014
14472	14014
14474	14016
14479	14021
14480	14021
14481	14024
14487	14041
14488	14041
14489	14042
14494	14064
14506	14071
14507	14071
14508	14071
14509	14071
14514	14075
14521	14080
14523	14084
14526	14093
14534	14108
14535	14109
14536	14109
14537	14110
14538	14110
14539	14110
14547	14113
14550	14118
14553	14126
14555	14127
14568	14135
14573	14142
14574	14142
14578	14146
14579	14146
14580	14146
14581	14146
14582	14146
14583	14146
14584	14161
14585	14161
14586	14161
14587	14161
14596	14170
14598	14172
14599	14172
14609	14191
14612	14193
14613	14193
14615	14199
14633	14221
14634	14221
14635	14224
14639	14229
14640	14229
14641	14229
14642	14229
14643	14229
14644	14229
14645	14229
14646	14229
14647	14229
14669	14257
14670	14257
14671	14257
14680	14283
14683	14293
14705	14352
14706	14352
14714	14354
14719	14359
14720	14359
14747	14419
14749	14423
14783	14439
14784	14440
14786	14442
14789	14443
14790	14443
14791	14443
14792	14443
14793	14443
14794	14443
14795	14443
14796	14443
14797	14443
14798	14443
14799	14443
14800	14443
14801	14443
14802	14443
14803	14443
14804	14443
14805	14443
14806	14443
14807	14443
14817	14451
14844	14460
14845	14463
14846	14463
14849	14468
14850	14469
14851	14469
14852	14469
14901	14535
14902	14535
14903	14535
14920	14542
14922	14546
14923	14546
14924	14546
14925	14546
14926	14546
14940	14556
14941	14557
14942	14557
14962	14604
14963	14604
14964	14604
14965	14604
14966	14604
14967	14604
14968	14604
14969	14604
14970	14604
14971	14604
14972	14604
14973	14604
14974	14604
14975	14604
14976	14604
14977	14604
14978	14604
14979	14604
14980	14604
14981	14604
14982	14604
14983	14604
14984	14604
14985	14604
14986	14604
14987	14604
14988	14604
14989	14604
14990	14604
14991	14604
14992	14604
14993	14604
14994	14604
14995	14604
14996	14604
14997	14604
14998	14604
14999	14604
15000	14604
15001	14604
15002	14604
15003	14604
15010	14776
15016	14783
15017	14787
15021	14795
15022	14795
15023	14795
15036	14801
15037	14801
15042	14811
15043	14811
15046	14823
15047	14823
15050	14842
15051	14842
15076	14857
15077	14857
15078	14857
15079	14857
15080	14857
15081	14857
15082	14857
15083	14857
15084	14857
15085	14857
15086	14857
15087	14857
15088	14857
15089	14857
15090	14863
15094	14868
15102	14874
15103	14875
15126	14904
15129	14907
15140	14923
15149	14945
15154	14950
15158	14955
15159	14956
15160	14957
15161	14957
15168	14975
15174	14979
15175	14979
15176	14979
15177	14979
15178	14979
15179	14979
15180	14980
15181	14980
15197	15002
15203	15012
15207	15020
15208	15025
15215	15033
15217	15042
15218	15042
15219	15050
15224	15078
15226	15094
15227	15094
15228	15094
15241	15129
