9497	12752
2549	1739
6555	3994
12145	7646
6722	7217
6518	3973
1560	1057
23435	8628
2565	1734
926	6050
19964	12033
2091	1412
6747	4098
7069	15295
15545	9585
12251	7694
1438	976
1603	1100
18336	6239
9756	6040
25387	14840
3371	2239
14840	3440
2208	1470
15021	9234
2834	12052
15827	9654
4198	14436
23471	13806
17183	10410
12315	7743
3236	2158
24102	14081
17289	10481
2815	1873
6183	3777
5975	4057
14394	8725
9753	6478
1498	1026
1329	889
1756	1157
8547	7234
12003	7578
10165	6326
789	552
17848	13762
8469	5142
1940	1325
10333	6497
18287	10968
1610	1103
14368	8714
19256	11711
758	521
3734	2406
17514	10649
2883	1915
1284	827
22214	13279
19783	11917
19558	11799
782	539
22993	13552
2774	1835
1050	744
9260	5701
11512	7172
5430	3524
793	558
22208	13276
20819	12520
19192	12057
7398	4492
1012	703
941	658
19073	12047
18997	11422
2412	1622
13513	8322
19466	11676
17185	10411
7854	4758
4001	2577
19634	12558
6451	3924
21003	12622
2051	1394
21606	13007
2284	1529
17199	10417
22372	15105
11564	7195
13556	8359
6448	3922
1167	864
10202	6413
13722	8427
9545	5856
1957	1335
3623	2341
19632	11842
11991	7571
10999	6913
1127	782
22130	1520
4212	11800
15787	9683
541	401
7022	4274
18446	11039
13338	8255
24626	14345
19985	12040
9941	6171
13904	12727
1371	920
4055	2596
1640	1116
1305	860
7496	4575
1540	1049
1444	979
2335	1584
16801	10252
2293	1541
19257	11709
15339	9435
25295	14782
9864	6100
21757	13084
1543	1053
6662	4048
1587	1072
1761	1161
6503	3364
9100	5628
24684	14392
2996	1984
12955	8055
20908	12558
1029	716
4125	2635
4363	2933
2838	1891
1956	1334
1358	1022
684	490
18717	11262
19512	11775
2103	1421
1354	1018
10960	6925
9437	5807
21282	12796
2057	1397
2455	1643
16674	10165
15868	9724
2069	1407
15942	9838
19718	11862
10180	6336
6838	4162
12626	7896
14977	9182
15036	9279
1935	1288
17241	10447
10971	6883
9996	6211
2060	1398
24294	14158
18172	10905
25370	14828
2589	7882
25348	14814
25149	14680
6608	4029
18246	10952
15580	9607
2419	1624
6026	11264
8892	5492
3046	2022
24680	14385
18622	4381
18803	11279
5070	3327
25660	8652
2097	1417
5105	3368
5298	3456
1525	1041
4704	3063
11846	7508
3883	2504
940	657
7383	4479
19768	11895
2099	1418
7684	4680
12410	7798
1061	751
8134	4927
8736	5382
1367	914
4540	3020
10870	12567
12851	7995
10976	6888
19584	11815
3052	2029
11334	7099
20678	12414
12482	7830
12998	8070
24615	14329
2055	1396
18595	11179
831	4547
23087	13603
21293	12800
4668	3056
12924	8046
17477	10608
8661	5342
16707	10176
24463	14225
11722	7257
2904	1924
2406	1618
1292	829
6286	3813
2502	1699
2253	1511
20749	12452
2621	1758
16946	10289
18915	11350
1159	790
25137	14291
2571	12846
2813	2436
17716	14078
18672	11199
26088	15222
12463	7820
11530	7179
3730	11957
8374	5195
555	403
15314	9420
19117	11493
1356	1020
12855	8002
23571	13859
1463	992
6163	3761
2043	8754
1359	1007
5067	3325
2771	1753
11354	7104
3024	2005
24990	14573
13810	8446
24932	14796
8039	4865
24743	14435
12345	7759
2521	1705
13967	8500
12176	7658
2004	1353
2325	1572
858	598
9237	5693
2396	1612
1211	804
18713	11210
22330	13325
17434	10586
1889	1248
13050	8099
2885	1917
15185	9369
4394	2905
9614	5917
15577	9602
16026	9858
832	577
13913	12723
3000	1990
18581	11136
23493	13818
20457	12297
11787	7450
24699	14406
2532	1715
3431	2271
1350	900
24966	11470
12419	7302
1797	1202
1994	1370
17060	10345
6564	2279
770	527
16431	10017
25792	15073
4842	3152
9692	5993
21756	13082
891	634
3234	2156
7007	4271
3846	2472
10966	6880
19080	11471
9974	6195
14262	8666
959	669
1911	1258
4465	2983
2947	1950
2528	1711
18935	11368
2939	1943
3662	2363
2799	1860
11219	6992
2322	1566
17679	10728
1723	1136
6064	3550
17238	10444
695	498
19478	11724
22314	13315
13920	12736
8408	5121
7401	4493
7417	4510
10533	6638
19881	10151
2807	1870
14396	8726
9596	5881
9490	5858
7031	4278
19554	11798
14974	9177
24315	14171
18405	11022
1854	1228
3259	2174
17857	10949
17787	10764
667	475
8132	4936
856	596
2457	1652
1242	810
22441	13369
1263	819
8443	5005
6145	3750
17142	10402
21648	13021
12469	7824
25878	6851
2490	1689
9847	6088
21510	12971
20064	12080
8938	5515
2779	1840
14228	8632
776	542
21433	12905
17253	10456
3054	2031
626	450
12045	7594
14709	11271
5978	3715
2499	13760
6335	3843
1757	1158
9939	6169
3203	2131
22526	13398
22374	11290
18538	11103
3016	1995
12364	7770
14898	9146
25375	14834
8946	5542
18940	11376
7565	10620
15310	9419
881	611
2079	1410
1085	763
8518	5199
12849	7993
1755	1156
25776	4423
7298	4429
23137	13629
16121	9888
22487	2621
3222	2142
1915	1261
1365	910
12492	7834
1251	814
1291	984
15029	9274
25325	14797
7421	4514
24034	14051
22944	13386
22133	10944
6774	4202
18642	11189
13083	8125
21877	13125
15631	9631
7490	4376
691	10607
14698	8878
18689	11200
10602	6683
14155	8602
11333	7098
18279	10966
26078	15212
1712	1130
24338	482
24171	14117
21683	13041
17451	2226
18734	11226
10395	6542
944	660
3844	2470
688	495
6915	4224
15604	9617
1924	1294
18828	11313
717	506
22523	13396
2179	1459
2202	1463
6718	12835
15151	9347
3560	2313
3082	2058
19453	11803
3022	2002
786	541
1067	755
19217	11537
16667	10159
774	533
21284	4383
5439	3526
580	15391
2942	1945
23922	14008
25962	15172
19419	11607
14884	9138
16532	10086
23142	13632
2677	1790
25627	13111
4993	3252
22622	13436
22382	12842
26099	15311
7792	4725
22977	13548
13908	12729
11092	6948
808	561
903	637
17323	10514
578	415
2005	1354
18219	10924
1378	928
23891	13999
24274	14150
18862	11334
2297	1544
15674	9652
3875	2497
19155	11510
3268	2178
2132	11882
25846	15112
11703	7231
5287	3424
21286	12844
2558	1732
2536	1720
15231	9395
1026	712
2467	1648
7109	4330
2134	1435
2914	1934
1087	765
25445	14887
17635	10705
10469	6589
18715	8886
8819	5490
19524	11786
1194	798
18500	11071
8203	4954
18238	10932
24751	14446
6958	15267
6964	4253
23079	10152
19028	11448
15052	9310
24465	14227
7143	15328
22315	13316
9807	6066
629	421
4440	2967
1468	988
7237	4405
1071	725
18652	11194
13189	8171
19547	8761
5167	3269
12845	7984
1601	11646
2678	1790
8856	5468
20287	12189
19094	11483
16175	9909
18826	11311
1710	1129
8853	5467
1105	775
2518	1703
6864	4168
4095	2610
2282	1528
4347	2840
6729	13564
9751	6038
12846	7985
18943	11381
4832	5923
8739	5387
18978	11411
9036	4373
4108	2618
24084	14070
1922	1274
17862	10788
8356	5222
6148	3751
21669	13026
11274	7040
11674	7223
2228	1482
2998	1986
9606	5913
2732	11843
2279	1525
1355	1019
10525	6633
20197	12134
8723	5381
957	667
21755	13081
5649	3598
6030	11264
18040	10855
23106	13610
6100	3736
22907	13512
854	592
990	697
1925	1314
21149	12695
1366	912
15330	9425
24528	14276
1397	952
17051	10344
1754	1155
1389	939
1760	1160
6899	4206
10968	6882
18240	10933
15201	9384
7199	10263
4375	2890
10740	6766
25839	15108
25658	8649
18880	11342
25202	14447
23416	13777
2160	1442
7908	4781
15661	9648
9979	6200
24331	15342
2533	1717
1509	12560
2959	1959
14761	8906
802	559
22202	13270
5743	3628
9787	6251
24211	14130
22377	12841
1569	1064
7197	8614
1422	959
22640	13448
14910	9153
1981	1341
917	647
18127	10888
9370	5743
19258	11708
22049	13202
1282	825
2769	2428
7668	4672
2235	12845
12297	7731
25251	14736
10256	6444
15455	9538
11275	7043
6511	3968
13816	8447
621	447
2635	1762
2783	3139
1324	882
650	462
3332	2208
804	560
701	504
5940	3698
1573	1066
8372	5203
8988	5874
2458	1653
10512	6623
7752	4702
7023	3546
8486	5165
2454	1641
8935	5513
982	692
5111	3375
1784	1178
4542	3021
952	662
25181	1967
2029	1388
859	599
4160	2665
7158	4355
2717	1814
24340	14175
9266	5703
1740	1147
14521	8786
816	567
18700	11205
8957	5551
15472	10577
12309	7741
12993	8068
609	443
1380	931
21476	12946
15007	9252
1846	1224
14021	8529
1381	919
9540	5854
14144	8596
8294	5016
22924	13519
15861	9729
22535	6817
21908	13143
15010	9302
7550	4630
10036	6230
2814	2433
22206	13274
22032	13193
17707	10733
4883	3192
18027	10852
1917	1268
14792	8922
4208	2702
4172	2689
22942	13531
22392	12558
24629	14351
10704	6816
1715	1132
1272	1038
13305	8238
25083	14265
15564	9594
2050	1393
10381	6533
14349	8708
12870	8024
23302	13715
12142	7644
8182	4550
1285	839
11517	7174
22638	13447
20587	12362
1862	1233
18320	3446
5027	3265
12238	7680
8274	4990
19382	11623
9045	988
25661	8654
24574	14310
5196	3289
2970	1965
25596	14976
22163	13247
8645	5330
830	15228
2461	1674
18666	11785
1718	1186
16737	10236
19017	11439
9667	5966
1571	1065
759	522
19425	11636
1629	1113
9472	5813
19871	11931
19323	11572
2822	1882
1255	848
3386	2252
9034	3755
2762	1830
13932	12743
25533	14935
6413	3897
9161	5647
6524	3979
10707	6751
2278	1524
745	573
15919	9750
10493	6607
26065	15208
13377	8517
24943	14893
1492	897
15872	9703
11514	7173
9958	6180
2928	1937
2591	1742
17821	10772
15930	9814
557	649
20195	12132
8940	5516
13020	10131
11272	7034
21884	13621
1348	1012
19601	11827
730	508
12770	7938
23096	13605
9041	3696
1169	791
11032	6926
13919	12735
12447	7808
779	537
24167	14118
7466	4556
20911	12576
23488	13899
19447	11657
15057	9318
874	605
25677	15027
1062	752
11185	6979
18231	10927
1985	1366
22068	13207
20042	12074
13914	6930
17711	10734
17002	10316
1070	756
5542	3568
7264	15331
9775	6053
7437	4529
26101	15323
1100	769
2169	1449
12771	7939
8002	4828
26034	15199
20170	12121
17436	10465
19572	11808
21913	11281
9815	6071
1121	780
10549	6647
7999	10621
25215	14710
1054	726
1716	1133
22387	13348
2077	1427
16620	10669
18611	11166
18316	10979
16180	9917
5063	11257
17870	10951
21742	13071
8142	4930
1326	883
552	1725
14810	8929
9336	5731
21529	12978
22369	11288
25185	12173
12277	7718
10881	7088
25434	14874
1815	1216
10873	6826
3505	2297
14028	8539
10834	6805
21888	13134
25402	14844
5964	3710
1491	1010
2367	1601
7222	1238
10139	6312
18651	11192
22516	12319
14075	8546
24585	14538
2715	1810
23639	13889
2603	1750
2343	1588
13186	8169
20095	12093
20910	12575
21227	12756
12777	7941
6711	1966
25239	14724
24270	14148
1562	1059
14900	9150
4958	3227
24644	14366
22164	13248
15918	9749
20447	12290
16691	10171
2605	1752
23173	13654
21704	13049
17815	10770
25973	15216
7880	4768
16149	9900
22477	10631
4642	3047
14371	8845
21639	13017
22992	13553
18556	11117
2102	1420
14514	8862
22887	13504
2316	1563
10223	6423
561	409
17843	10782
1429	963
22562	13407
8707	5371
15575	9601
6556	3997
948	661
1934	1292
2692	1794
9660	5956
16537	10088
17284	10476
2800	1861
24381	14186
5165	3410
11107	6952
12073	7609
15141	9339
846	586
1360	902
1600	1098
7877	4766
1308	862
17112	10370
17901	10831
19176	6841
655	464
8608	5290
24201	14127
17332	10521
25362	14823
9091	5621
22617	13432
827	568
9834	6082
638	458
16073	10656
10855	6828
2100	1424
658	466
17584	10680
7881	4770
12466	7822
12907	8041
6571	4004
4633	3044
11769	7406
1303	855
1209	802
23245	13691
3051	2028
894	624
22485	1693
22746	13467
2347	1591
1262	818
1357	1021
2912	1932
1420	957
18170	10902
23357	13066
9228	5921
2195	1462
1024	710
17414	10564
725	507
3721	2396
3874	2493
21576	12991
2613	1756
8128	4917
8423	5123
23276	13703
23052	13587
1919	1274
14715	8881
23060	13590
4218	7216
11702	7231
26094	15236
893	622
11392	7124
11047	11294
11582	7205
15407	9505
15873	9731
3379	2241
11753	7382
24305	14164
12425	7312
9628	5927
2093	1414
8436	14165
21680	13040
19482	11733
3350	2223
24483	14237
1095	767
2109	1425
890	633
17453	10595
5642	3594
11151	6966
9809	6069
6156	3759
1044	742
13243	8209
21531	12979
2969	1964
2296	1543
3616	4374
4202	10612
675	484
2850	1901
919	648
5962	3708
25431	14872
1790	1195
1907	1256
2505	4375
2013	1383
19900	11959
687	494
986	695
5959	3705
2849	1900
14369	11844
2988	1979
3050	2027
4344	2837
19196	11529
734	514
11022	11301
21133	12681
15579	9604
23316	4214
15405	9500
17034	10334
3627	2342
1589	1075
2465	1676
2851	1902
18800	11248
23424	13781
16482	10050
11955	8162
2466	1679
18707	11208
2710	1801
24152	14101
2966	1961
25443	14884
2526	1710
17482	13625
1391	941
17141	10401
3028	2012
6833	4155
20694	12424
1927	1302
25665	15017
1031	717
1599	1096
11695	7229
23523	13841
16206	9926
24356	14055
25631	14995
2784	5925
23968	14021
7048	4292
23343	13739
25556	14945
22165	13249
7585	5105
11807	7491
6377	3869
12171	7656
900	635
1102	729
20809	12513
1090	766
2865	1909
12582	7874
23182	13713
7028	12558
16904	10353
15370	9481
11721	7255
1778	1169
1477	11954
768	549
13591	8385
1361	903
16421	10001
6302	3819
1312	1037
8541	4867
10031	6228
2832	1890
2153	7990
7556	4626
1063	753
12475	7827
3183	2122
2852	1903
23077	13292
1506	6822
8708	5372
2340	1545
1375	922
25760	6780
849	588
1293	830
1281	856
1747	1153
4833	10613
14122	8545
20724	12435
15020	9232
15923	9753
24260	14142
10879	12566
21492	12963
1851	1226
14240	11299
16391	9986
1028	715
20448	12275
2259	1514
1073	727
21818	13105
4319	2816
1900	1250
9942	6172
23429	2350
13682	8417
2837	2130
21584	12996
14068	3429
962	680
1857	1229
9486	5797
12350	7762
6181	3775
7666	4670
19484	11736
13419	8284
13462	8300
9947	12036
22763	13472
12862	8017
23399	13768
26011	15193
8901	5496
16871	10262
10062	8627
24695	14405
14425	8715
13916	12734
18787	11242
9088	5620
9980	6201
1351	901
2104	1423
1022	709
25941	15159
14223	8629
13909	12730
2219	1471
16580	10111
2866	1910
2312	1559
15856	9691
1888	1247
2452	5146
10978	6905
1403	946
11554	7186
2033	1389
3537	2301
8953	5526
22538	4553
8244	4893
24813	14483
15544	9584
2420	1625
24371	14182
4150	2659
1616	1108
1585	1071
1433	968
3378	2247
15363	9447
1278	824
9452	5805
24633	14354
12077	7613
612	420
8912	5502
1472	998
22726	15345
6285	3810
4474	2989
19594	11890
16430	10015
19000	11427
2496	1692
1043	739
1490	1008
20886	12543
732	511
1692	1211
4998	3255
24397	14196
20773	12441
7503	4584
12281	7719
6019	4062
6735	4089
10110	6279
1006	701
24679	14384
2409	1620
13469	8304
1497	1025
1961	1337
2805	1868
1328	888
21746	13072
13420	8285
3348	2222
4335	2826
3652	2360
2803	1774
26090	15223
18504	11081
1101	772
21996	13626
2307	1555
11168	6973
11762	7394
21470	12942
9758	6485
642	460
23151	13640
4315	2809
23730	13937
25610	14984
13925	13143
24325	12748
1045	741
7020	4273
769	525
4152	2661
14944	9163
1398	949
2643	1765
18992	11417
14749	8899
2873	1912
19106	11489
6828	4141
24656	14377
2568	1736
10872	6824
21883	13620
5770	3638
19186	11521
10075	6250
9733	6024
21067	12654
6882	4187
1861	1231
8989	5872
22869	13499
15721	9675
14973	9199
2156	12116
17535	10655
2623	1759
16578	10110
12585	7358
24889	14531
22415	13359
2245	1503
18482	11062
11774	7421
21201	12753
23082	13600
7044	4290
3363	2232
8982	5614
3049	2026
1171	879
12027	7590
17315	10503
17262	10455
7990	4821
4089	2805
589	427
678	486
3833	8751
13609	8391
5836	3666
1566	1062
2723	1818
23044	13567
4990	3251
26097	15251
4170	15265
12427	7321
2853	1906
8643	5327
7813	4740
9966	6184
8375	5205
965	684
23412	13776
5096	3292
10967	6881
19806	11911
5157	2931
25271	14758
8105	5044
16657	5799
956	665
1876	1236
17988	10838
8962	5562
1156	788
883	612
25626	11916
8291	5011
966	686
22389	13351
15974	9846
10102	6271
6400	3877
2504	1700
17827	10776
3795	2447
19761	11886
8843	5456
1363	907
10430	6564
25713	12157
24172	14029
1400	945
2747	1826
18502	11077
1646	1117
9223	5684
3272	2181
16504	10062
13558	8361
6643	6818
17088	10357
11186	6980
20366	12812
1181	794
595	434
9493	2457
26096	15247
20124	12103
2173	1454
19841	971
9682	5973
1323	890
24385	14191
6299	3818
8048	4869
24491	14242
9757	6041
12259	7171
20386	3549
9285	5713
22283	1696
2946	1947
19328	11573
15563	9593
14765	8910
25789	15071
3789	2441
8983	5616
8243	4974
9779	6054
5040	12744
4338	2853
12789	7946
17320	10512
20812	12516
9272	5706
6310	3822
15886	9733
3066	2039
8838	5453
19508	11771
24732	14430
12430	7323
2787	1842
3729	2402
14260	8662
11054	6930
7534	11277
3040	2019
13045	8096
5781	3641
17551	10674
23978	14024
4772	3226
2595	1744
21876	13123
18068	10864
10129	6303
19384	11624
19931	11976
775	534
10658	6722
26095	15243
19774	11899
7905	10617
2399	1614
1270	847
19285	11742
4760	3092
6110	3741
9971	6189
9869	6102
3081	2057
10304	6476
17865	15340
12511	7306
19745	11869
22124	13229
7029	4276
2006	1362
20470	11283
9029	5593
1069	723
5489	3549
2230	1489
9283	5712
24165	14114
10286	6400
9953	6177
8299	5034
1260	816
19715	11860
1768	1165
20185	12182
11798	7488
2086	1429
20210	12140
15632	9634
1803	1206
1807	1215
15562	11217
11355	7105
6757	4104
2990	1981
9569	5866
15043	9967
15530	9579
1828	1220
10005	6218
19757	11885
11725	7272
2884	1916
10948	6864
21735	13063
7469	4560
16567	10106
17899	10803
25396	5909
24401	14197
24523	14268
1049	743
671	471
21771	13090
2326	1574
12418	7303
17967	10821
6820	15240
5425	3521
1243	811
8005	4272
16902	10276
9214	5680
8975	12849
1707	1126
16222	9941
975	691
21775	15238
2445	1633
787	548
13458	8297
14637	9452
6812	4133
5675	3602
4264	2757
3108	2085
22105	13222
1157	789
10043	6234
23215	13676
22140	13234
1257	850
21589	12998
3717	2392
15473	9546
22284	2768
1206	800
4412	2940
5023	11255
24358	3830
19973	12037
15672	9650
19950	12572
8127	4915
11284	7063
23007	13563
22182	13256
1447	985
16557	10101
25085	14650
14365	8713
24100	14079
1241	807
18920	11359
15611	9619
10630	6707
14229	8635
12452	7813
8370	5200
22360	13343
10417	6555
7743	4699
17314	10501
616	454
17119	10371
9176	5654
5870	3675
2332	1581
11704	7233
3155	2111
9287	5714
6040	4060
16577	10109
6588	4023
1920	1277
1929	1303
17129	10394
24040	14055
23308	13723
8664	5345
12085	7618
2728	5000
19848	6831
9965	6182
2898	1922
20769	12472
15921	9752
1594	1092
1016	705
2926	1955
24563	14295
5101	12426
10266	6452
7798	4733
2697	1795
4384	2847
10927	6849
7720	14165
12242	7683
8710	5368
979	696
2118	1431
785	540
15367	9473
2015	1378
17770	10760
2149	4793
21699	13048
2686	1793
1820	1217
748	517
2370	1602
4515	3010
5383	3500
18222	6868
10861	6814
6330	3841
1479	1001
12589	7879
15655	9647
1697	1144
17897	10833
16818	10205
2314	1561
13897	12726
2485	1688
2087	7964
1823	1219
14602	8822
1513	13063
1313	875
1801	1204
17496	10568
8284	4999
20439	12277
2251	1508
14457	8769
8575	5263
587	424
14477	8775
25811	15079
2002	1349
7235	4401
2331	1580
12583	7876
1404	947
10843	4365
1290	828
17206	10418
20025	12078
23732	13938
10532	6637
14385	8723
2459	1666
6874	4186
5729	3619
8337	5093
20437	12269
17435	10587
19699	14528
7214	1242
7465	4558
24087	14072
24497	14248
16241	9955
2754	1827
17237	10442
1390	940
8538	5242
20746	12536
8018	4847
1800	1203
4763	3095
24919	14542
22361	13344
685	491
3107	14803
21288	12790
2163	1446
3405	2260
18216	15094
889	632
9699	5996
4882	3191
2162	1443
7858	4759
4641	3046
13726	8428
1792	1197
8454	4873
10736	6762
22541	13399
15555	9590
24466	14228
12293	7727
16488	10054
20459	12837
23853	13978
3237	2158
1612	1105
17847	10942
18831	11315
1316	1039
1932	1285
8805	5434
2383	1606
17495	10567
3141	2102
16245	9957
24750	14440
10957	6870
21497	12967
14305	8690
3890	2510
23549	13849
1590	1076
12120	8063
788	550
21285	12790
16110	9876
22948	13349
9483	12748
17618	10699
2306	1553
19611	11524
7910	4783
22476	13388
24324	12746
4133	2642
2982	1977
1340	893
2910	1930
23917	14006
25563	14950
25227	2144
1376	925
8842	5457
21865	13112
11920	7538
657	465
24314	14173
20027	11273
22591	13423
10489	6604
540	689
21230	12761
13915	12745
7019	4272
24440	14211
15404	9499
1083	762
10217	6418
13922	12738
20384	12183
1273	861
24564	14297
7909	4782
20588	12363
25635	15239
11042	4386
7052	15277
8034	1629
24713	14414
10433	6565
2531	1714
23220	13679
3625	12117
1559	1090
613	445
24355	6812
23156	13642
25094	14653
19756	11884
2096	1416
23320	13732
698	501
2667	1856
22215	13286
1805	1209
19332	11574
850	589
17459	10561
15420	9516
1384	937
6726	11982
1401	944
24156	14104
10936	6855
549	820
16877	10265
25117	12833
25759	15062
6457	3929
879	619
5146	8540
16874	10264
14025	8535
2468	1654
15436	9522
7268	15266
13921	12737
8073	4883
10546	6645
2973	1992
697	500
22524	13396
14591	9476
25704	15040
868	603
22867	13498
21653	12896
22565	13418
7511	4590
6149	4071
22074	13208
12565	7864
13528	8333
8995	5576
3403	2259
2562	1733
24862	14514
9446	6541
2737	1824
4206	2701
23580	13873
19503	11766
14199	8611
23638	13887
1937	1307
20321	12211
15334	9428
8260	5052
14950	9165
9371	5745
21181	12712
6963	4252
13994	3445
8480	5152
8513	5196
7945	4807
11437	7147
10252	6374
4826	3139
1058	750
5041	3304
13931	12742
13055	8109
2111	1428
21912	11278
7785	4719
3926	8752
23772	13952
1507	6564
13409	8281
10343	4345
6928	4230
937	653
18716	8887
615	453
1317	877
22045	13199
13783	8441
577	414
2067	1405
21582	12993
12421	7308
17758	10751
1592	1078
4477	2991
25408	14852
22879	13503
25204	15093
17081	10351
8979	5612
21557	12983
21721	13057
13071	8124
18198	2620
2334	1582
20741	12497
625	449
1949	1332
15478	10083
19283	11710
7153	4353
10869	6823
22266	13297
11279	7049
2484	1687
13828	6631
11082	6945
21984	13153
15596	9612
1435	974
25188	988
2258	1513
19760	641
22024	13192
8920	5506
17693	11274
1759	1159
20072	12082
18204	6603
11775	7425
19938	11981
2874	1913
25452	14894
15581	9605
23248	13694
8791	5412
2068	1392
1609	1102
1072	728
18827	11312
21093	12661
2608	1755
3650	2358
3962	2550
14456	8767
3359	1125
3528	2388
857	597
22990	13551
1151	787
878	609
14248	8653
12710	7922
2330	1577
19744	11868
16893	10272
20730	12439
22950	13350
12429	7318
17761	10752
20659	12409
693	499
13201	8189
23487	13898
2922	1938
20494	12316
2818	1880
10288	6404
9487	9590
7501	4581
18009	10845
2009	1367
3083	2059
14712	11271
25412	14856
22125	13230
14090	8556
7974	4814
1945	1330
20468	11282
4403	2794
20469	11282
7025	10635
16117	9882
5480	3541
7246	4409
1440	977
2886	1918
8765	5406
10884	6832
17218	7231
2945	1946
2264	1515
19433	11645
14250	8643
1418	956
16579	10108
539	8622
25624	14992
2321	1565
4839	3162
1096	746
6546	3990
1719	1134
5311	3463
7219	4386
7838	4755
25224	11303
14536	8795
15159	9353
25476	14905
13191	8184
1283	826
23697	13922
20171	12122
2825	1883
943	659
16625	10130
9521	5840
2315	1562
7489	15343
1739	1146
15894	3513
10901	10625
11900	7527
2698	1796
8432	5125
16662	10156
7793	4726
13719	11213
1709	1128
4242	2721
1905	1255
21257	12702
17733	10744
8056	4873
4437	2964
1848	1225
25356	14820
1926	1317
14417	1721
14508	11080
7658	4664
11812	7494
24115	14080
10503	6614
12978	8064
23083	11841
23743	13944
2828	1886
9836	6083
21226	12755
18144	10895
23237	13689
4962	3232
1107	777
781	538
8277	4993
12788	7944
9213	5679
22204	13273
15526	9577
9035	3303
1331	886
1602	1099
23985	14027
23004	13562
13028	8087
10255	6442
23584	13865
24052	12814
17333	10522
15551	9586
1311	873
19811	2801
1446	980
7193	7205
11668	7221
23983	14026
9394	5757
24624	14341
1720	1135
8706	5365
17850	8630
6502	3962
12354	7765
19750	11871
8222	4961
12878	8029
19605	11829
15477	9550
23443	8760
7370	4468
1973	1340
16509	10070
2224	1475
4442	2969
11989	7569
11017	6924
1132	783
20362	12223
19035	11459
9664	5965
17486	10605
13339	8256
10119	6296
11510	7168
9732	6023
5088	3359
7516	4595
2538	1724
7042	4288
12341	7755
24885	14326
19261	11713
16604	10117
24817	14490
4987	3248
14147	8595
25793	15074
8868	5475
26010	15192
1014	704
17790	10150
576	412
10161	6323
18072	10866
1564	1061
1339	892
26108	15372
2980	1976
1936	1304
1289	841
16204	9924
17472	10603
3037	2018
6321	3828
2152	1445
17450	10594
2450	1639
25108	14662
3645	2353
12451	7811
12484	7833
1939	1324
20114	12099
1743	1145
9215	5681
1916	1267
17430	10584
1508	10147
1481	1002
2916	1936
17834	10781
24170	14115
10939	6857
2634	1763
994	698
4992	3251
16899	10619
6992	4266
10155	6322
19371	11587
9081	5619
18540	11105
17595	10687
9002	5581
964	683
931	651
1986	1342
22094	3016
623	448
2141	2457
9405	5766
17633	10702
3713	2390
24273	12848
25990	15187
25127	14671
6736	4091
2685	1792
21026	12891
8384	5109
3012	1991
21050	12648
22353	13340
14553	9470
6834	4156
2469	1683
19731	11865
15739	9680
2706	1798
25597	14977
14759	8904
1249	813
9218	5682
1903	1254
1182	796
10063	6244
6320	3827
20499	12320
9056	5602
16493	10060
2804	1867
14854	9128
19321	12060
1474	1000
1970	1339
21729	13059
15928	9779
13073	8121
747	576
2670	1859
22871	13499
3903	2520
2238	1496
3632	2344
16423	10008
10051	6238
4948	3221
15447	9528
23652	13906
3866	2484
5081	3348
14593	8816
2684	1791
2583	1741
7795	4729
2285	1531
2151	9800
15448	9530
12385	7781
2778	1839
23270	13701
896	618
14570	8803
2280	1550
1040	747
15954	9842
2941	1944
7659	4664
3060	2035
21569	12988
630	452
9624	5923
19771	11896
3401	2257
4312	2798
10296	6738
14791	8921
18599	11133
12274	7715
23054	13534
10012	6222
558	404
15646	9643
9685	5989
15614	9622
886	616
15517	9568
13957	8495
15186	9371
4287	2776
21679	13038
1931	1282
2475	1661
9410	5772
12736	7928
11365	7109
1908	1257
15897	9762
10867	6820
2291	1539
5171	3276
13907	12728
2845	1898
19882	12558
2462	1670
2115	1430
11100	6950
954	993
21870	13118
11740	7355
13729	8429
984	694
21705	13050
2961	1960
10540	6643
1261	857
22459	13378
9397	6025
12118	7634
5107	3372
791	557
4257	2735
20906	12559
24088	14073
5340	3486
5177	3281
22483	583
21617	13009
13903	12721
16229	9950
22710	13456
2808	1871
15666	9649
1955	1333
2233	1494
17846	10786
1496	1024
1143	784
17874	10793
2830	1889
14019	8531
19741	11867
9257	5699
852	590
14283	8679
4427	2945
11830	7501
17898	10802
562	410
25081	14647
2117	1329
3788	2440
16989	10311
25926	15155
16764	10169
23080	12574
5280	3444
17864	15340
25037	14611
11225	6997
2025	1385
746	575
22325	13320
3034	2016
21044	12631
10925	6848
12867	8022
6038	11286
17030	10330
16766	10194
2666	1854
1431	964
6923	15255
11394	7125
11670	7222
600	441
21055	12650
10348	6512
1074	759
15030	9277
24630	14352
599	440
23428	1767
13022	8082
13394	11991
4888	3196
20036	12070
1428	962
19450	11661
20167	12118
21045	12703
19429	11641
25333	14802
15512	9567
24359	6237
7531	4618
12273	7714
843	581
24217	14133
16219	9931
590	422
20367	4823
2585	2417
13718	8426
20827	12523
2867	1911
8072	4882
25436	14883
2923	1939
23333	13734
19143	11505
17995	10843
11058	6933
17126	10627
11919	8247
19633	11846
3130	2097
1822	1218
614	446
1008	702
3509	2386
3077	2054
21305	12804
11561	7191
9060	5605
11906	7532
1081	761
4324	2920
25417	14863
13559	8608
10491	12891
13195	8186
3958	2548
4544	3024
8960	5560
12529	7850
7066	4300
2000	1345
9153	5642
1727	1138
7868	4764
18724	11215
11397	7126
6155	3758
2547	6959
865	602
19851	8106
20830	12526
20495	11657
3693	2376
22432	13365
17836	10946
2301	1548
6910	9157
628	451
18209	12321
7464	4555
6388	3874
15484	11221
10229	6426
26106	15367
2535	1719
17378	10540
19748	11870
23422	13785
20034	12069
11866	7517
9315	5726
25929	15156
21197	12719
548	477
7821	4750
9477	5816
1434	969
23564	13852
18373	11016
10864	6819
2327	1575
6573	4006
22463	13065
1598	1094
731	510
1621	1111
7566	12564
10259	6448
1717	1185
10877	10149
14443	8885
2177	1456
2447	1638
17823	10773
19724	11866
1344	896
2662	1780
11263	7024
19494	11699
1168	866
1231	805
17130	10395
4766	3099
20502	12324
584	419
25893	15110
5684	3604
17433	10585
24264	14145
8234	4967
11569	7199
15154	9351
9927	718
24053	14060
14008	2468
13515	4712
1921	1279
5392	3506
8272	5068
18427	11034
7784	4718
10551	6648
18365	11013
1042	738
17490	10565
16653	10670
10254	6376
20638	12402
19018	11441
15457	9540
837	580
19821	5534
646	461
20607	12381
20260	12167
14534	8794
2863	1908
1253	815
8987	5873
1486	1004
13109	8133
13534	8337
25612	14988
21405	12871
19449	11658
8657	5340
