284	83
348	123
371	151
381	172
465	222
508	355
515	379
530	431
531	439
533	441
568	454
574	455
585	468
590	512
591	516
592	518
605	534
608	536
623	551
664	594
666	596
672	605
678	607
686	609
713	616
718	630
729	642
742	658
766	693
770	697
775	706
803	716
846	731
858	740
896	748
953	757
955	759
960	760
979	780
995	810
1006	818
1012	826
1025	838
1045	863
1053	898
1067	906
1071	911
1086	937
1168	986
1172	994
1177	998
1179	999
1187	1002
1189	1013
1192	1018
1202	1024
1209	1032
1243	1053
1246	1056
1260	1078
1264	1086
1294	1092
1321	1118
1325	1119
1351	1128
1360	1134
1363	1139
1370	1145
1371	1146
1375	1155
1385	1163
1387	1166
1396	1172
1418	1201
1455	1218
1464	1222
1483	1266
1493	1286
1494	1287
1498	1292
1514	1321
1515	1323
1516	1327
1517	1328
1533	1334
1547	1335
1551	1341
1552	1345
1555	1356
1556	1357
1558	1359
1564	1363
1565	1366
1566	1367
1568	1368
1574	1374
1583	1384
1585	1386
1599	1404
1606	1406
1646	1434
1650	1451
1655	1452
1657	1454
1660	1455
1665	1460
1677	1475
1687	1492
1689	1493
1690	1494
1691	1495
1695	1498
1699	1501
1704	1504
1705	1505
1710	1510
1712	1512
1717	1520
1719	1523
1723	1526
1734	1541
1735	1542
1736	1543
1741	1549
1743	1550
1750	1561
1755	1584
1757	1587
1760	1593
1761	1594
1774	1621
1777	1622
1778	1625
1782	1635
1783	1640
1785	1644
1786	1646
1789	1647
1792	1649
1797	1650
1800	1656
1832	1689
1867	1699
1868	1700
1871	1705
1872	1708
1874	1710
1875	1711
1946	1764
1949	1765
2005	1817
2007	1828
2008	1829
2019	1836
2025	1845
2027	1847
2036	1867
2041	1886
2093	1929
2101	1935
2103	1939
2109	1940
2110	1942
2111	1943
2112	1946
2120	1952
2124	1956
2127	1963
2144	1969
2149	1972
2152	1984
2157	1987
2165	1990
2167	1991
2169	2001
2177	2015
2180	2028
2191	2033
2193	2036
2197	2037
2200	2041
2208	2046
2212	2056
2214	2057
2221	2067
2222	2068
2229	2075
2251	2099
2256	2106
2259	2110
2260	2112
2262	2116
2280	2129
2281	2130
2283	2134
2284	2135
2287	2145
2294	2152
2301	2181
2310	2187
2318	2203
2320	2206
2324	2210
2337	2224
2338	2225
2345	2234
2349	2244
2350	2246
2356	2256
2358	2261
2387	2282
2400	2293
2401	2299
2406	2301
2407	2304
2411	2308
2413	2315
2415	2318
2418	2338
2427	2344
2429	2346
2430	2349
2433	2358
2441	2361
2445	2365
2451	2381
2454	2386
2460	2397
2462	2398
2478	2413
2483	2422
2487	2428
2488	2434
2489	2436
2519	2452
2561	2499
2563	2507
2584	2526
2585	2527
2589	2533
2600	2539
2608	2557
2617	2571
2651	2608
2657	2615
2659	2617
2665	2621
2674	2628
2785	2671
2791	2677
2809	2697
2810	2702
2813	2708
2821	2710
2822	2711
2824	2713
2836	2717
2838	2721
2844	2725
2858	2735
2860	2737
2866	2751
2877	2770
2879	2777
2881	2781
2891	2794
2928	2845
2932	2846
2953	2858
2962	2870
2998	2914
3005	2932
3014	2955
3021	2959
3044	2978
3053	2988
3083	3037
3085	3039
3092	3048
3105	3077
3108	3078
3111	3080
3116	3083
3120	3116
3134	3140
3139	3147
3140	3148
3142	3149
3151	3177
3155	3185
3167	3195
3190	3202
3207	3228
3208	3230
3219	3241
3222	3247
3223	3248
3226	3259
3243	3277
3278	3307
3281	3309
3283	3314
3293	3342
3295	3343
3302	3368
3309	3380
3310	3382
3313	3394
3314	3397
3321	3401
3324	3405
3327	3413
3341	3432
3350	3441
3368	3446
3371	3449
3374	3451
3378	3452
3382	3456
3385	3460
3390	3470
3407	3493
3409	3497
3410	3498
3412	3499
3437	3519
3456	3545
3460	3553
3485	3580
3584	3736
3594	3757
3600	3765
3602	3770
3603	3772
3613	3784
3641	3796
3659	3813
3662	3823
3663	3825
3671	3828
3679	3837
3682	3843
3694	3855
3696	3858
3700	3866
3730	3897
3747	3927
3752	3937
3773	3944
3775	3946
3830	3999
3836	4006
3839	4010
3840	4011
3841	4013
3849	4021
3850	4022
3854	4024
3870	4039
3871	4044
3879	4063
3883	4073
3884	4074
3886	4077
3893	4088
3898	4092
3904	4097
3905	4098
3929	4100
3934	4102
3940	4111
3947	4113
3948	4117
3949	4118
3954	4123
3955	4124
3970	4147
3983	4159
3992	4166
4013	4182
4027	4216
4046	4229
4071	4241
4078	4244
4105	4251
4108	4253
4164	4276
4171	4281
4188	4291
4190	4292
4211	4307
4218	4316
4277	4373
4285	4384
4294	4391
4310	4413
4314	4417
4330	4446
4339	4452
4346	4464
4397	4484
4440	4493
4450	4497
4458	4502
4461	4504
4462	4505
4469	4512
4475	4521
4500	4534
4502	4536
4504	4541
4513	4548
4522	4575
4556	4613
4559	4628
4560	4632
4602	4744
4655	4750
4661	4757
4663	4758
4669	4763
4678	4805
4679	4810
4692	4835
4699	4844
4705	4847
4710	4857
4711	4861
4714	4864
4721	4869
4722	4871
4730	4888
4742	4911
4756	4924
4765	4931
4844	4958
4845	4960
4896	4988
4908	4996
4953	5005
4966	5015
4969	5020
5042	5064
5045	5065
5047	5068
5051	5069
5055	5077
5073	5090
5080	5095
5102	5111
5139	5161
5149	5167
5152	5171
5168	5200
5171	5201
5197	5216
5325	5265
5359	5279
5369	5285
5370	5286
5385	5303
5391	5305
5421	5320
5428	5328
5464	5346
5486	5356
5489	5369
5496	5379
5499	5383
5500	5386
5504	5395
5541	5454
5544	5456
5545	5457
5578	5592
5610	5606
5617	5621
5621	5627
5623	5638
5624	5646
5636	5662
5642	5676
5648	5679
5655	5689
5659	5691
5660	5692
5662	5694
5664	5695
5667	5698
5675	5701
5677	5705
5682	5709
5683	5711
5684	5712
5688	5717
5689	5719
5733	5743
5778	5750
5795	5754
5799	5759
5805	5771
5808	5774
5815	5780
5823	5798
5825	5802
5827	5805
5836	5813
5837	5814
5845	5820
5847	5823
5848	5824
5891	5841
5904	5849
5907	5851
5910	5853
5911	5854
5925	5863
5926	5864
5930	5867
5931	5869
5965	5913
5971	5915
5976	5916
5982	5917
5983	5921
5986	5926
5999	5961
6005	5965
6043	5982
6044	5984
6045	5988
6072	5995
6178	6027
6205	6030
6206	6031
6212	6033
6216	6037
6228	6054
6232	6061
6243	6074
6245	6080
6251	6084
6257	6086
6265	6090
6272	6097
6277	6102
6279	6107
6284	6126
6288	6138
6296	6145
6309	6149
6322	6159
6324	6184
6326	6190
6350	6213
6355	6215
6384	6247
6388	6249
6395	6255
6396	6256
6406	6268
6418	6272
6427	6288
6447	6309
6448	6310
6451	6314
6475	6328
6480	6331
6496	6370
6498	6371
6500	6373
6504	6385
6507	6399
6510	6409
6516	6420
6537	6445
6542	6449
6549	6480
6551	6481
6560	6493
6562	6499
6564	6506
6565	6508
6566	6512
6588	6543
6599	6547
6605	6548
6606	6549
6610	6556
6614	6560
6619	6563
6620	6564
6637	6580
6640	6582
6675	6588
6678	6589
6711	6603
6745	6631
6790	6662
6792	6663
6799	6665
6800	6667
6803	6669
6924	6762
6959	6816
6962	6820
6964	6821
7018	6832
7019	6834
7031	6848
7044	6866
7075	6925
7078	6928
7089	6936
7100	6958
7276	7043
7277	7044
7541	7186
7566	7226
7585	7232
7693	7272
7694	7273
7697	7276
7728	7282
7743	7308
7748	7313
7807	7360
7810	7362
7814	7369
7819	7371
7849	7382
7853	7383
7858	7392
7865	7403
7919	7413
7921	7415
7924	7417
7931	7429
7936	7435
7939	7443
7944	7446
7953	7452
8004	7499
8006	7500
8008	7504
8010	7506
8011	7509
8018	7512
8032	7537
8040	7539
8058	7550
8059	7555
8061	7557
8128	7612
8131	7617
8160	7637
8161	7639
8165	7645
8181	7650
8201	7664
8213	7674
8263	7693
8269	7700
8271	7703
8311	7719
8312	7720
8326	7736
8327	7738
8328	7739
8340	7758
8343	7760
8354	7771
8366	7784
8386	7809
8392	7822
8410	7842
8417	7858
8421	7861
8435	7878
8453	7891
8458	7894
8463	7908
8464	7910
8465	7911
8469	7915
8536	7965
8549	7970
8554	7977
8574	7989
8578	7990
8597	8008
8609	8033
8614	8038
8615	8040
8616	8041
8622	8046
8623	8052
8634	8059
8640	8069
8653	8081
8672	8088
8673	8089
8683	8107
8686	8113
8687	8114
8690	8116
8709	8136
8711	8139
8731	8178
8750	8209
8820	8216
8849	8248
8851	8249
8866	8253
8872	8257
8926	8269
8935	8274
8938	8277
8942	8280
8945	8283
8951	8296
8974	8305
8978	8316
8979	8318
8985	8323
8986	8330
8994	8340
8996	8345
8997	8346
9001	8350
9005	8364
9012	8367
9026	8373
9028	8374
9033	8375
9040	8382
9043	8386
9048	8387
9052	8389
9054	8393
9066	8404
9072	8407
9081	8422
9082	8423
9087	8431
9088	8432
9090	8439
9091	8446
9093	8451
9096	8454
9099	8460
9103	8465
9145	8472
9146	8473
9166	8482
9175	8491
9232	8501
9246	8509
9294	8568
9295	8569
9296	8573
9300	8577
9306	8583
9326	8599
9333	8610
9349	8628
9351	8630
9359	8634
9362	8636
9376	8657
9377	8659
9401	8683
9423	8693
9424	8694
9427	8697
9472	8708
9485	8732
9488	8742
9511	8765
9517	8768
9519	8771
9523	8774
9526	8786
9544	8820
9547	8828
9549	8830
9550	8835
9555	8843
9560	8845
9565	8854
9570	8863
9647	8950
9654	8960
9671	8979
9672	8981
9673	8986
9682	8999
9749	9024
9774	9043
9781	9052
9787	9062
9788	9063
9794	9072
9807	9089
9808	9090
9810	9095
9820	9106
9828	9118
9830	9122
9831	9129
9833	9133
9861	9139
9863	9140
9864	9141
9869	9149
9877	9158
9879	9161
9880	9162
9881	9165
9885	9177
9892	9182
9893	9185
9895	9186
9900	9195
9901	9197
9905	9205
9921	9220
9923	9223
9929	9227
9941	9233
9943	9235
9945	9240
9980	9303
9981	9310
9983	9314
10010	9344
10033	9371
10067	9376
10069	9377
10071	9379
10078	9382
10097	9395
10098	9396
10102	9403
10103	9405
10120	9430
10165	9506
10191	9534
10193	9536
10194	9537
10201	9539
10208	9544
10215	9547
10264	9631
10278	9654
10280	9655
10313	9679
10322	9683
10324	9687
10326	9688
10371	9716
10385	9731
10390	9736
10398	9745
10399	9746
10402	9748
10412	9761
10442	9790
10443	9794
10451	9807
10453	9812
10454	9814
10455	9818
10458	9825
10459	9827
10463	9831
10464	9832
10466	9833
10485	9840
10492	9842
10510	9848
10511	9856
10515	9861
10521	9875
10522	9877
10524	9879
10534	9887
10539	9898
10551	9914
10586	9945
10590	9961
10593	9965
10607	9990
10625	10016
10639	10026
10654	10034
10688	10040
10693	10045
10696	10052
10703	10056
10704	10059
10726	10075
10730	10077
10733	10081
10734	10084
10735	10085
10746	10091
10750	10108
10754	10111
10764	10127
10771	10136
10775	10149
10777	10151
10784	10158
10805	10176
10817	10183
10905	10240
10938	10255
10946	10264
10951	10271
10960	10279
10972	10290
10975	10296
10977	10298
10996	10306
11043	10351
11071	10383
11074	10391
11104	10403
11109	10409
11113	10418
11118	10425
11119	10429
11120	10434
11123	10436
11126	10439
11129	10441
11130	10443
11180	10462
11184	10470
11186	10472
11189	10474
11195	10486
11199	10493
11206	10504
11210	10507
11214	10513
11218	10516
11219	10518
11224	10522
11225	10524
11232	10537
11246	10560
11272	10581
11276	10594
11280	10597
11281	10602
11296	10606
11299	10607
11300	10608
11302	10610
11303	10611
11305	10613
11307	10615
11308	10618
11322	10629
11332	10642
11344	10654
11425	10761
11428	10766
11474	10783
11484	10798
11491	10817
11497	10836
11505	10848
11535	10868
11536	10869
11545	10879
11546	10884
11551	10889
11561	10895
11575	10905
11576	10906
11604	10928
11605	10932
11615	10943
11649	10966
11669	10982
11670	10984
11683	10992
11686	10994
11714	11053
11731	11078
11733	11083
11737	11085
11739	11086
11742	11088
11755	11092
11791	11119
11801	11147
11808	11151
11901	11244
11902	11245
11919	11267
11931	11292
12033	11370
12035	11372
12042	11385
12043	11392
12090	11436
12095	11441
12096	11442
12098	11448
12117	11464
12142	11492
12144	11493
12147	11495
12148	11497
12149	11498
12152	11499
12218	11564
12232	11579
12321	11651
12322	11653
12335	11664
12337	11666
12344	11681
12349	11685
12406	11763
12416	11771
12420	11774
12425	11782
12428	11785
12431	11786
12441	11787
12442	11788
12445	11795
12451	11810
12466	11821
12467	11822
12468	11823
12481	11845
12493	11857
12495	11862
12507	11905
12508	11911
12509	11912
12518	11932
12536	11958
12540	11962
12549	11970
12552	11976
12555	11985
12586	12021
12605	12045
12607	12049
12626	12078
12629	12084
12636	12089
12659	12120
12663	12124
12672	12149
12673	12152
12682	12155
12689	12156
12690	12158
12711	12167
12748	12205
12750	12207
12752	12209
12753	12211
12772	12228
12775	12238
12785	12252
12792	12268
12797	12270
12799	12271
12805	12280
12823	12307
12840	12317
12842	12320
12846	12332
12850	12335
12855	12336
12857	12339
12861	12344
12867	12345
12869	12352
12876	12355
12881	12365
12891	12366
12894	12368
12901	12371
12906	12380
12929	12406
12930	12410
12937	12422
12945	12431
12972	12512
12987	12552
12993	12556
13020	12626
13025	12628
13038	12637
13059	12665
13060	12670
13086	12712
13094	12723
13097	12725
13098	12728
13100	12730
13109	12739
13111	12742
13120	12769
13122	12773
13130	12785
13169	12851
13170	12852
13181	12861
13182	12863
13187	12870
13203	12882
13205	12887
13211	12898
13214	12902
13218	12908
13230	12926
13231	12927
13234	12934
13238	12939
13264	12940
13266	12941
13275	12946
13278	12949
13291	12957
13292	12959
13309	12975
13310	12983
13314	12984
13323	12995
13336	13001
13347	13009
13351	13014
13358	13022
13367	13026
13371	13040
13393	13052
13399	13074
13402	13077
13438	13115
13445	13126
13466	13673
13491	13693
13496	13694
13502	13717
13567	13751
13570	13753
13573	13754
13591	13781
13605	13805
13613	13808
13617	13819
13628	13831
13721	13940
13723	13948
13731	13955
13734	13959
13736	13962
13745	13965
13749	13974
13753	13984
13762	13996
13775	14010
13777	14013
13782	14019
13785	14025
13786	14026
13787	14027
13791	14037
13795	14041
13796	14043
13800	14048
13801	14053
13803	14055
13804	14057
13816	14063
13830	14074
13831	14075
13841	14080
13843	14082
13844	14085
13845	14087
13847	14092
13858	14114
13862	14122
13881	14129
13892	14140
13900	14147
13907	14149
13911	14151
13915	14156
13919	14157
13931	14164
13943	14177
13977	14433
13988	14442
13995	14451
14003	14456
14005	14458
14006	14460
14011	14463
14014	14470
14016	14474
14021	14479
14024	14481
14041	14487
14042	14489
14064	14494
14071	14506
14075	14514
14080	14521
14084	14523
14093	14526
14108	14534
14109	14535
14110	14537
14113	14547
14118	14550
14126	14553
14127	14555
14135	14568
14142	14573
14146	14578
14161	14584
14170	14596
14172	14598
14191	14609
14193	14612
14199	14615
14221	14633
14224	14635
14229	14639
14257	14669
14283	14680
14293	14683
14352	14705
14354	14714
14359	14719
14419	14747
14423	14749
14439	14783
14440	14784
14442	14786
14443	14789
14451	14817
14460	14844
14463	14845
14468	14849
14469	14850
14535	14901
14542	14920
14546	14922
14556	14940
14557	14941
14604	14962
14776	15010
14783	15016
14787	15017
14795	15021
14801	15036
14811	15042
14823	15046
14842	15050
14857	15076
14863	15090
14868	15094
14874	15102
14875	15103
14904	15126
14907	15129
14923	15140
14945	15149
14950	15154
14955	15158
14956	15159
14957	15160
14975	15168
14979	15174
14980	15180
15002	15197
15012	15203
15020	15207
15025	15208
15033	15215
15042	15217
15050	15219
15078	15224
15094	15226
15129	15241
