2851	6	383
2057	5	3199
3891	5	1032
2827	5	2824
146	3	140
1491	6	199
775	5	365
1156	5	123
4174	5	4283
2879	4	121
3985	5	3380
386	4	693
1127	5	1501
1462	6	2311
653	5	654
1197	4	2777
1437	5	2171
908	5	909
3057	4	2198
2774	5	2731
2705	6	2704
340	5	2454
3942	5	3941
3277	5	4055
105	5	263
2478	5	3008
2058	2	2058
4010	3	3992
3149	4	4121
105	5	897
523	6	4182
1873	0	1018
3810	6	1220
3837	0	4105
2559	3	3422
2696	0	1675
2064	5	3151
93	4	2454
471	6	3939
2779	5	2779
2507	6	3065
2376	4	1975
2644	5	872
3799	0	4296
2221	4	2370
2872	5	2870
2039	5	711
3431	2	3414
3020	5	3019
3507	5	934
2739	3	4195
3935	4	3587
3349	4	3681
3846	5	2475
2763	5	2762
2839	5	2838
2320	6	3428
2384	4	4132
1197	5	2827
4218	0	34
3018	5	1042
1819	5	3887
2354	5	934
2239	0	1709
2389	5	2313
1235	6	390
2239	5	3652
839	5	2059
56	5	4036
3384	4	530
112	5	1262
2805	6	2923
993	6	1999
3936	0	49
3633	0	1989
2121	5	3292
3184	0	2240
3931	5	1882
4257	5	193
628	5	4094
4012	5	4014
3162	6	1139
337	6	1038
41	5	40
4300	3	3744
4115	5	531
2442	4	3414
4085	2	4084
3504	5	3872
32	0	1777
2616	6	3861
3935	3	3587
3838	4	680
4136	5	3490
4252	3	1009
551	5	2500
1323	0	3802
2986	5	2466
1985	4	2613
4217	5	48
580	5	2370
2852	5	2851
1856	0	4057
1343	5	3872
509	6	480
1380	5	3988
1352	5	618
1107	6	1389
100	4	2438
3578	0	554
3713	5	398
625	5	1117
2691	4	3008
2331	5	2731
2087	6	1211
3197	6	3198
3917	3	2195
822	6	471
2432	5	2464
2081	5	2031
174	0	3505
2121	4	1012
1094	5	1337
3002	5	3001
202	3	3744
463	5	1227
1503	4	3392
1855	0	950
130	5	129
3527	5	2756
3737	5	2473
2121	5	1301
3459	0	3617
3821	5	1457
2007	5	2006
4041	2	4040
3986	4	3382
3947	2	3946
3008	0	4085
2243	4	1110
1115	5	1555
499	2	445
3986	2	3985
1014	5	4001
613	5	3439
3221	5	2468
2269	5	3557
3024	4	1194
2225	3	4094
2675	6	653
3269	4	1419
2988	0	3377
1770	5	2613
2695	5	3272
792	4	2669
4013	0	3772
3676	5	2312
729	5	2438
3555	5	3556
4277	3	1805
2804	5	431
1187	6	3187
1784	5	3309
3356	4	1741
3328	4	553
3932	6	335
4284	3	4284
3891	5	1978
863	5	966
3451	6	381
1629	5	1686
2916	4	2052
2738	3	1805
4285	5	3995
1714	0	1369
2723	5	3867
321	3	966
1687	5	1686
2815	5	2817
1407	5	4226
1322	6	1756
3048	5	967
1737	5	85
3199	4	3581
386	4	1975
3518	0	2590
1156	5	390
1777	5	1774
3187	6	1187
1302	0	3763
3964	5	3965
646	5	897
881	5	882
544	6	1301
1197	4	442
3158	6	3066
3737	5	1253
4247	5	4248
3766	2	2182
737	5	769
3825	0	4120
1899	2	1897
3832	3	1805
435	6	1501
1583	5	488
919	5	2338
446	6	2792
1811	0	198
2301	4	4067
2256	5	2255
2588	5	121
1476	5	3751
146	4	1217
3308	5	2648
1564	4	2617
3318	6	3714
4109	0	2563
1376	5	254
1478	5	1044
2631	5	2631
4290	0	2284
2198	4	531
452	4	2235
3040	4	118
1039	2	1009
2623	5	979
2727	5	3148
3309	5	3311
1337	0	4062
4096	5	4096
1905	5	296
316	3	0
1134	6	2499
1637	5	2731
1737	5	887
3135	5	2744
1156	0	1684
2233	0	2005
1999	5	2284
3720	4	3844
3465	5	3797
1187	5	3187
2002	5	1168
1476	5	631
2440	4	3344
2633	4	3363
1404	5	3428
1248	2	1245
2671	5	1430
1991	6	4223
3799	0	4296
2970	4	2659
1429	0	545
2062	5	277
4291	3	4285
328	6	613
3719	6	1222
2664	5	921
140	4	2731
3216	5	3214
1832	5	1457
4028	5	1524
1544	5	4235
628	5	2355
3154	5	1322
2061	5	1808
3569	0	140
1322	5	2322
2382	5	2367
3555	5	262
3973	5	3879
468	6	497
395	6	1133
1903	3	1940
2675	5	3208
2664	3	771
4122	0	1429
2348	5	1393
688	5	1261
3503	5	3382
645	5	644
1056	5	3516
162	5	927
3924	5	367
1243	4	934
300	5	373
531	3	530
2043	5	3312
3	5	2674
9	0	2626
3169	5	654
2677	6	3882
2648	5	3762
2909	6	458
2685	6	2686
1398	5	4096
1177	4	1404
1691	6	1328
3667	5	3666
3823	5	3823
1117	5	561
1977	4	120
1797	4	1078
3126	5	736
184	4	3423
2002	5	3584
1981	0	287
1740	6	195
1647	5	2355
2941	0	4197
2714	5	2715
2184	5	2185
358	5	3936
1590	6	1457
1990	4	1327
2398	6	1229
1592	6	332
887	5	287
23	5	1201
1722	5	3323
1322	5	3585
395	4	2085
4097	4	2123
1241	6	1578
360	5	2895
3527	4	2756
1156	6	1220
779	4	2105
489	4	2121
1748	5	1747
1386	3	3907
506	5	1134
2265	5	934
3395	4	3386
3242	6	1429
844	0	3015
2429	4	999
301	5	2518
2478	5	3365
237	5	238
716	4	3151
2303	4	2394
847	5	3975
1509	5	4014
3173	5	1530
1842	5	1014
1327	4	3378
3345	2	3342
3416	5	4031
4159	5	4251
2498	5	2497
653	5	656
3743	5	2117
1147	5	1428
2679	5	2427
3139	6	967
1507	2	1457
553	5	2731
3099	0	2309
1737	6	327
867	5	4088
1186	6	1192
850	3	849
3813	0	4042
3522	4	2078
2721	4	121
2212	5	344
3960	5	1189
1447	5	1446
598	3	597
3775	0	2646
1694	5	4075
871	4	2370
1915	6	480
3056	4	1741
4279	6	4121
1679	4	587
2167	6	4114
3772	5	3776
2342	4	1172
366	4	4149
4231	6	2117
4261	5	4260
4003	5	2320
2811	4	1020
1524	5	3921
4285	5	4290
2379	5	2378
2520	4	1102
3612	0	1787
889	6	798
3192	3	3191
1855	5	3567
625	0	1564
60	5	4106
1410	5	3828
3717	3	1229
2853	5	2834
2610	6	3209
993	3	3744
479	6	3562
958	5	1656
3364	5	3365
1301	6	2990
2605	4	3135
1027	0	1021
4143	5	3900
3160	3	3158
1274	3	1805
3671	0	2135
1220	6	844
369	2	4050
3377	5	3780
1289	5	3207
2271	4	2049
1964	5	1261
2152	5	1082
686	6	3166
2398	5	2563
639	3	2031
2530	5	110
1801	5	2292
3809	0	1964
3566	5	1520
2477	4	1749
4203	5	2679
2062	0	973
1790	0	1103
3898	0	3908
3055	6	2731
1106	6	4140
2209	5	3096
3950	5	3555
2321	6	3428
2846	2	2845
2671	5	2355
1895	5	1896
2674	5	4093
3166	6	667
3803	6	3581
1339	0	2546
3076	5	2537
3421	0	1239
3518	0	2590
307	5	308
661	4	3103
2677	5	3952
1157	5	2747
1899	5	1897
2192	5	2191
1607	5	2744
3054	4	3428
3981	5	3242
2643	5	451
3289	0	3785
2688	0	2689
1921	5	4199
1421	0	1957
17	0	2125
1756	0	346
4291	3	1199
2338	5	1516
3535	5	3533
3432	6	200
4152	4	3984
1965	5	1964
642	5	3401
1509	5	4175
3786	6	2148
269	5	4194
4026	5	4027
2159	5	2158
2690	4	441
4293	5	1250
3018	5	393
416	5	1250
2539	4	1461
891	0	2000
4156	4	3164
2638	5	2056
2167	5	2198
3319	0	1223
2197	3	2196
3465	5	3558
3105	5	1570
2117	6	3148
510	5	1390
1770	6	2613
1112	4	3335
828	6	2659
3223	0	1042
3520	5	3519
2183	5	2184
3300	5	1443
3554	6	3553
893	3	887
516	3	445
2978	3	2974
637	5	4173
4265	6	1008
2397	3	2396
3473	4	4137
1103	6	1101
3338	5	1820
320	0	1793
2052	5	2106
3978	5	3391
4042	6	3993
642	5	1550
3752	6	3236
2905	5	2904
2215	5	1669
530	5	531
2092	0	2126
25	3	8
339	4	3304
2442	4	3304
2357	4	3962
3586	6	4124
438	5	3788
426	4	580
3524	4	295
1853	5	1854
1866	5	3585
2600	4	795
630	5	1206
4174	5	4173
4290	6	2249
1768	4	3396
3183	5	3182
1339	0	916
580	4	1771
3288	5	1409
2486	6	891
1208	5	1110
2824	5	3446
1064	5	1346
3530	5	3529
559	2	809
2697	5	561
1590	0	1219
2971	4	1110
3516	5	2890
1860	4	561
2687	6	364
3746	3	3718
1271	5	2438
2518	6	1491
647	4	2483
3448	5	2307
3222	6	2868
4108	5	531
916	6	35
4062	5	1402
1396	0	2154
1023	6	1007
590	5	3736
1952	4	1956
1080	5	1085
3408	5	3803
4193	5	533
3284	5	3283
4143	6	334
1132	4	1862
3038	6	3427
1572	2	1337
1355	5	1348
3555	5	2871
1570	5	1029
602	0	3936
965	4	3133
2646	6	2994
4098	5	4097
3701	5	577
4084	5	3008
1866	5	2466
1285	4	3392
1499	4	3008
1212	5	550
4276	4	4123
3588	4	1530
3157	5	3054
2206	5	1295
1960	4	1327
3191	6	2169
1362	3	1361
1419	4	1293
165	6	973
3901	6	3789
1101	6	1103
2070	5	3600
1505	4	2107
422	5	85
2452	4	1160
3542	6	2051
1044	0	1930
2074	5	2075
2773	4	4123
501	3	500
1501	5	1229
1944	5	3148
3996	6	2468
3225	5	461
433	4	3378
2749	3	4281
3107	4	402
1629	5	2563
768	5	771
2733	5	2734
2185	4	411
22	2	1121
1520	3	1516
1528	5	4056
3127	0	2454
3585	5	1756
2303	5	2302
1016	3	1009
3197	5	3198
2848	0	3992
695	5	2056
3985	5	3600
2825	4	167
1655	5	4025
3505	0	2518
3902	5	530
2605	5	1916
3691	5	3692
1257	4	3372
39	6	916
1084	5	4178
4164	3	4161
4136	5	3380
1714	6	1403
1033	2	1009
29	5	937
3093	5	3094
4203	4	531
601	4	1520
2259	2	767
3691	5	3691
3726	5	451
3023	4	3383
167	5	1250
580	0	1645
2460	5	3585
1957	6	1369
146	5	146
4291	6	3774
3734	0	733
2426	5	2426
3315	4	2467
3948	0	190
2510	6	2931
3260	2	3259
2384	2	4132
3908	0	3898
3470	5	3713
3007	4	1223
111	4	160
371	3	344
1813	5	1812
393	5	2340
13	5	11
2523	4	2456
2126	5	4175
3074	3	3072
924	5	2291
3349	4	2467
3556	5	525
3743	0	1261
1737	6	887
146	3	1217
2478	5	2336
3537	6	462
282	5	692
1711	5	3996
1544	6	3407
3806	3	3718
630	5	1347
2746	5	1572
1558	5	1558
4284	5	3771
268	4	693
2894	5	2878
2648	5	1117
145	4	546
3856	0	829
3622	5	1322
1099	6	1734
1507	3	1457
235	0	3504
1295	6	3348
1483	5	1050
3808	3	2195
2673	3	4075
2547	5	2546
2582	5	3109
1944	5	325
2260	5	2847
3357	5	2172
1588	5	3939
538	5	539
152	4	1307
1354	4	561
1239	5	2872
645	4	3008
4168	5	3961
3768	3	3767
2805	6	1139
3691	5	3692
1071	4	1138
2731	5	3055
1237	5	1236
3307	4	4136
838	6	2168
2061	5	2062
91	4	2787
484	6	532
610	4	1644
3433	4	3432
2056	5	1206
653	5	2311
3832	3	3831
1991	5	4223
844	5	1220
726	5	1975
766	5	1349
1522	5	1522
2258	4	3555
4174	5	2219
1250	5	1252
1198	4	2467
3920	5	1369
218	5	1340
1341	0	2988
1389	2	1388
1058	5	3516
2275	5	525
3849	5	3851
3491	6	3310
3051	5	2936
1874	5	2847
2747	5	2654
3347	5	2086
591	4	4181
1105	5	1016
3422	4	3762
3056	5	3080
3872	3	3744
1864	5	2549
4003	3	3992
29	4	3401
1039	3	1009
163	5	692
277	6	455
4113	4	3404
1866	5	2088
4185	5	3692
2887	6	731
2721	5	3482
896	0	352
20	4	2085
2317	4	999
3416	5	1386
2846	5	2845
1154	5	1478
3693	5	1309
2991	4	2013
959	5	958
1515	5	1515
4070	3	4069
2138	6	2139
1253	4	2235
3490	6	2232
1389	4	2235
4237	3	2235
2024	5	820
1765	6	517
3084	5	3053
3790	4	743
418	5	1288
1295	5	1944
3080	5	3219
4219	5	1139
1075	5	1074
2061	5	2068
3235	4	3208
3872	2	3870
206	6	3505
3881	6	180
531	5	2563
2060	5	2780
3759	3	1567
851	6	4236
1139	6	1301
2004	4	95
1209	0	1753
839	5	837
1615	5	1530
2774	3	1737
773	0	558
1736	5	1735
2953	5	1544
3871	6	2750
2121	6	595
3460	0	1443
1666	4	1656
4124	3	4123
13	5	1212
2664	5	771
2090	5	3118
1953	5	1955
67	2	8
3056	6	3080
311	4	1361
2294	5	1177
3531	5	3558
2610	0	2646
2875	5	2307
640	2	638
167	5	3416
3907	5	2355
3366	5	3365
786	6	3911
918	5	917
1040	5	1039
1127	5	1644
3666	5	3667
2997	6	4060
3053	5	1322
1270	5	3976
436	5	1929
2515	5	397
2963	4	2964
2081	5	3678
427	5	1117
1806	4	2554
2266	5	1295
2921	5	2559
2019	0	764
1021	0	1027
1073	4	580
3735	0	955
3522	5	1250
3236	4	4159
3793	3	1644
2823	5	2822
1197	4	4008
1399	5	3724
1286	5	1285
1235	5	4281
3127	4	1464
1678	5	532
1383	3	3166
12	5	934
2980	5	2980
1390	3	1913
2407	5	1019
3696	2	3526
2002	0	3634
4132	5	3414
1870	0	1996
634	4	1238
3055	5	3555
427	5	2648
3015	6	1684
371	6	4145
1186	4	2355
1674	5	128
1199	4	95
3873	6	1707
2354	4	1944
4056	4	4121
2937	4	2773
952	4	3802
4151	5	3442
2584	4	2832
2475	5	1770
4264	5	3493
3761	5	3707
74	5	3790
1082	5	13
3790	3	743
3917	3	3909
438	5	1882
4090	5	2196
2045	5	2049
2618	4	2747
1286	2	1285
138	5	137
934	4	3428
3047	0	1316
1831	5	136
2755	4	296
2749	3	2747
1661	5	2483
4130	0	277
1219	6	731
4088	5	2354
1124	6	4173
436	5	2475
952	5	519
2104	4	4062
3070	5	2031
1490	5	1791
2475	5	2208
3838	5	160
2485	0	3772
4259	0	2821
731	4	3133
2139	6	2138
3942	3	3941
2601	0	3918
1533	5	1884
3524	5	776
1744	5	1743
3420	5	886
299	0	3350
2159	5	283
2404	5	3309
2366	5	4201
70	4	115
238	5	2460
3506	4	1384
2765	5	1467
1901	5	1900
3414	5	2118
3905	2	1872
1321	5	3371
3864	5	3863
2867	5	2909
3623	4	118
218	5	3558
1184	5	1766
1501	0	667
2347	5	450
3555	5	2307
3524	5	3524
1930	3	1929
1391	0	4139
3355	3	421
3377	5	1341
158	5	2589
2274	4	3392
3327	4	3194
1803	3	1803
3300	5	3302
911	5	1154
1223	5	1222
3663	3	596
2488	5	3916
3867	5	4090
895	0	125
1457	5	3740
2842	6	952
2974	6	738
4174	5	1046
2117	6	4231
278	5	1261
137	5	138
3413	5	3407
2383	5	1217
2942	4	2467
730	5	2731
4042	5	1462
2585	3	2569
1549	4	2291
3375	4	3600
393	4	2997
1266	5	944
1348	5	1360
4067	6	3872
1476	5	3535
2398	5	1388
3046	5	1312
3451	6	1349
604	4	935
963	5	3884
1297	5	3207
1930	5	2163
174	6	3508
3445	5	3446
903	4	513
3345	5	1295
3070	5	2105
3620	3	1413
759	6	1429
1632	5	927
681	4	1550
2652	5	2161
2180	4	2355
3856	5	2649
836	5	835
2799	4	694
3666	5	3665
759	4	539
3752	5	3236
1764	5	4282
234	5	229
2135	6	1327
2962	5	3363
2525	5	2524
3414	4	3475
2576	5	85
2300	4	1461
3093	5	3558
4122	5	4123
1240	5	443
3306	5	2122
20	6	2528
721	5	2103
1319	6	902
102	6	1210
772	4	1973
1381	6	3096
196	4	2405
4	5	6
3174	4	2466
4058	5	1542
3287	6	1392
3478	5	3110
4253	5	4254
547	3	1805
1875	3	2228
2166	5	3585
2492	5	998
1408	3	1009
1544	6	1154
2993	0	1593
2078	5	2079
3111	2	3110
1069	5	4136
1222	0	1313
858	3	2195
2649	5	1250
533	6	902
792	2	2669
1383	3	3162
3157	5	1177
4089	6	454
2084	5	531
2625	6	889
2864	5	2865
439	4	1644
1919	3	1916
906	6	4107
3737	5	2473
781	5	2396
2065	4	1327
3461	5	216
952	5	2260
2860	5	3065
210	6	13
2761	0	2763
132	5	131
279	5	1388
4127	6	344
3987	2	2440
1124	6	3700
1328	5	1329
1630	3	1629
786	6	3954
2842	5	886
3191	5	3193
1034	3	1009
3435	4	3383
2081	6	2031
1076	0	158
2030	5	2029
667	6	3767
314	5	313
609	0	3169
2674	5	2674
2305	3	1805
824	5	4282
2710	5	2731
94	5	967
1295	4	1944
1528	5	3906
2688	6	1992
2524	6	4284
1646	3	1644
524	3	445
4205	4	2405
3907	5	4056
4111	5	3883
1207	4	115
733	5	364
3840	4	694
2373	5	525
1824	5	3298
2165	5	2111
3839	4	3292
3343	5	287
4221	2	1691
3483	5	927
111	5	160
168	5	327
1136	5	3376
2308	0	2560
4053	4	1327
1030	6	3792
2495	3	2494
2271	0	2392
1879	6	2972
1706	4	2830
4	5	3219
3072	0	867
11	5	3884
2649	5	4229
1436	6	1149
2255	5	2237
3133	5	542
2588	4	1975
1292	4	484
150	5	150
505	5	2518
112	5	594
3185	3	421
1467	0	2765
927	5	935
2456	4	1464
4072	4	441
527	4	4119
3967	4	442
3435	6	3403
3406	4	2210
17	5	3797
4270	4	1975
1821	4	142
1059	5	1059
576	5	867
652	0	3228
1545	2	1644
2691	5	3087
763	5	4116
1476	5	1478
3962	6	2647
954	6	3173
1836	3	1009
2313	4	894
3764	0	2025
2524	6	3166
1942	5	1645
3163	4	81
2946	5	4077
2664	4	771
2684	5	1001
1006	5	1051
3755	0	1392
3428	6	2321
2659	5	3292
474	6	1400
2205	5	1594
1472	3	1805
741	5	805
1879	5	3490
1992	5	496
90	5	1201
695	4	3588
2745	4	1233
4132	5	1555
997	5	2307
4173	6	195
446	6	2792
4267	2	277
691	4	690
2896	5	714
308	5	307
3598	5	1124
2840	6	2691
2096	4	3392
2838	5	2249
3656	5	2992
3269	5	1555
2625	0	3813
1776	5	1381
3859	5	3858
3935	3	3933
499	6	524
116	5	116
1063	5	1062
491	4	3401
3215	3	792
1545	4	1644
919	4	4249
89	5	90
3069	5	3024
1980	5	1978
667	5	4284
347	3	2195
428	5	3219
1700	4	499
2688	6	484
521	3	421
2430	5	1191
3622	5	885
398	5	2320
4235	5	3921
27	3	1705
3846	5	4023
3963	5	3965
1719	5	1720
804	6	4115
1219	5	4069
3083	6	418
628	5	2659
1284	5	279
2402	5	2463
873	4	3900
189	5	3919
2734	3	3744
3077	5	2251
1524	0	1026
71	5	3181
504	3	445
182	5	3756
4297	4	2875
2456	4	3380
992	5	515
3589	4	2773
3162	4	2052
2485	6	4217
209	5	3199
45	5	3952
4269	3	2235
1957	0	1478
3943	4	2500
702	5	2770
2688	6	3952
2373	0	3311
4090	6	262
3552	5	3096
1574	3	2195
3018	5	1411
1582	4	694
1999	5	2172
136	5	238
955	3	954
409	4	2107
1284	4	3516
801	4	4214
3425	5	546
3357	6	238
9	6	1341
1622	5	2827
406	5	404
2273	5	2276
1732	4	2731
3062	6	1997
1449	5	1448
3067	5	3066
3070	5	3558
1695	0	2975
4164	5	3176
1223	4	2980
3801	5	3800
1280	5	2744
1297	0	1700
2130	4	2370
2284	6	1134
819	3	3744
2186	6	3171
1241	5	2245
1908	5	844
1502	5	1505
1741	5	3985
3131	5	3166
588	5	594
320	4	4123
3838	4	160
1417	4	3514
4219	5	3984
1561	5	1559
2879	4	1975
2055	0	3743
68	5	67
3666	5	3665
2703	6	2693
2230	6	3925
11	6	2847
359	6	1089
127	5	126
3823	5	3823
1056	5	617
914	5	3386
1636	4	2235
226	5	1877
2533	4	4279
3873	5	3869
1502	4	1347
2189	4	296
349	3	344
2825	5	2824
1662	5	899
4262	5	4262
1965	5	1529
3106	5	3112
1386	4	3283
3230	5	3138
4045	6	1644
3226	4	768
3079	5	3078
1263	5	1263
3035	4	1550
2503	2	3146
4202	5	3478
1027	6	3920
3595	5	654
33	3	32
2500	0	3811
977	0	2422
2106	6	2775
2179	0	3765
2782	5	2781
146	5	146
146	5	146
1575	0	372
2659	4	4093
1809	5	1351
2889	4	934
3856	5	3251
3071	4	2121
485	6	1409
623	5	4036
899	5	3085
4120	5	790
143	3	804
1383	6	864
2662	6	3622
2974	6	3548
3386	4	1166
1395	5	3037
2701	5	2702
2648	5	1944
3875	3	3857
1928	5	3401
468	6	4130
3608	2	2301
2581	4	427
485	5	484
3381	4	3380
805	4	1995
3278	6	1001
1446	5	1261
3357	0	1339
367	6	2364
1127	4	473
1543	6	1544
1429	5	168
630	5	4062
3861	5	3857
955	0	1084
4146	4	1955
2469	5	2471
899	5	376
1216	5	270
2525	4	3611
1904	5	1633
2855	5	240
124	4	1222
3332	5	954
3878	5	1555
601	4	934
1277	4	2073
3721	3	49
3606	4	694
4300	5	4298
2325	0	2408
2799	4	871
4288	0	3791
1461	3	1457
1466	4	3414
3780	0	2988
3459	5	3615
3083	3	1009
1538	4	2467
3380	5	2982
2282	4	2649
2479	5	2478
1822	6	1832
575	6	596
3	5	1370
3276	5	2557
2721	5	1201
2034	0	2656
3951	0	1655
2992	0	3498
2152	6	2654
1273	4	3392
1431	5	1629
3786	5	886
3883	5	894
295	5	296
1798	5	4007
3791	0	4288
3943	3	2195
178	5	179
2006	6	2007
894	5	138
4185	4	296
3197	5	1039
2610	6	3775
3209	5	2285
3619	5	3619
3432	5	2172
3735	3	3718
3672	4	1996
951	5	952
2251	3	2121
3464	4	2282
1147	5	1142
3351	5	2304
3817	0	4150
2318	5	2123
2980	0	175
213	5	3533
4197	6	4002
193	5	3347
3735	6	3728
312	6	2048
4206	5	857
1020	6	1238
2588	5	3482
390	5	390
2256	5	4093
334	5	336
3045	5	3045
889	6	519
3143	4	2311
3106	4	701
2495	3	1705
67	5	2260
1675	5	2522
1695	5	1337
1131	5	2220
2854	6	2855
1407	5	1509
887	5	2560
4174	5	2057
1132	4	3378
2240	4	2805
2334	3	2333
689	5	688
1792	5	934
1590	5	1457
3428	6	1404
3871	4	3926
2304	5	1023
1835	5	1836
3443	5	1345
322	5	1922
15	5	3173
1487	5	3096
2645	0	2738
3717	3	3716
3775	6	857
3426	5	2425
3357	5	4067
337	4	3550
2295	5	1177
1045	3	3744
141	5	141
53	4	3473
3498	5	3497
1197	4	2258
481	3	480
3345	4	2747
1530	5	2895
2991	4	2143
2842	5	480
12	2	8
1885	4	3401
2887	4	2731
3773	3	2518
3761	5	1076
38	3	8
4125	5	1989
2151	4	4281
381	4	3451
3390	4	3392
2104	5	3112
3878	5	2320
1197	5	542
1590	5	2731
3319	4	1394
2702	5	2700
3707	4	2121
921	4	1194
3261	6	1989
277	5	2731
117	5	79
2970	5	1301
2817	5	2816
2975	0	1695
3324	4	3380
2132	4	3401
2384	5	4132
1304	5	1586
814	4	2801
2239	0	1709
670	4	580
3815	5	667
1389	3	2235
2560	5	3473
3211	3	1417
3952	5	3882
2209	5	3228
535	5	2659
1633	6	1904
1221	5	3241
4226	0	3920
4103	4	4094
1851	3	1850
380	4	1401
665	5	664
292	4	2052
446	5	48
2638	4	2339
1974	4	694
1822	4	3008
3251	6	4065
1777	0	368
4129	4	1227
3619	3	3618
2750	5	3926
3890	5	3891
2616	6	140
1531	3	1527
2690	5	1295
1509	6	554
1133	4	410
3406	5	3781
3962	6	2217
3710	5	3709
3555	5	2423
1915	5	4122
3794	5	1657
2570	6	2571
4132	5	1661
4276	5	2518
4064	5	3262
1518	3	1820
1154	4	95
3525	4	3392
2106	6	2775
2946	4	247
2820	4	3887
1019	6	2601
1714	6	1421
584	4	1319
2065	5	1287
3984	4	4119
3668	5	2893
4171	5	4172
3317	5	3316
381	5	789
1197	4	3883
1741	4	3381
2018	6	4230
2724	4	255
1848	4	2370
3068	5	2847
141	4	3380
2503	4	3146
1758	5	1530
3171	3	2195
1169	4	2875
123	4	1201
495	4	3383
1117	5	3958
1519	3	2195
3290	5	1874
4124	0	3816
104	5	104
2675	5	934
2546	5	2355
1316	5	3046
1655	6	4025
3907	6	1386
2005	5	454
1737	5	3900
220	5	886
3303	2	3300
1499	4	2162
1323	0	3091
1287	5	4075
2490	5	2491
3072	5	1134
3365	5	1014
2017	5	3447
1867	5	1653
3645	3	1913
1430	6	1699
2598	0	761
2595	5	2984
2785	5	3482
3144	5	1558
837	6	3163
1009	5	2731
3473	5	2731
4015	2	4014
3774	5	2563
9	5	1341
4040	5	3309
660	5	2355
2790	2	2789
3540	5	3388
4016	3	3992
168	5	2659
1767	4	2121
2188	5	2189
839	3	3744
3343	0	2441
982	5	983
3406	4	4136
3523	6	905
131	5	132
1496	5	978
2061	5	4173
1011	4	2370
2394	5	2393
1981	0	1644
3974	6	3974
1362	3	1805
2185	4	3392
3711	4	1215
2499	6	2284
2379	5	2380
2647	5	714
104	5	3265
4031	5	1819
3199	5	3798
3134	5	3096
1462	6	45
1912	4	575
328	4	1327
1013	5	1013
1072	5	3774
3380	2	3383
2096	4	296
971	5	2623
2586	5	4010
944	5	998
2109	5	4062
1608	0	1689
883	5	2697
1348	5	1352
296	5	1074
3465	5	1300
3309	5	4197
3880	5	4266
3701	0	3062
415	6	2610
305	5	304
477	6	1129
1845	4	1868
902	5	533
3761	5	296
67	5	3412
3451	5	3724
3239	3	1913
2748	4	561
4036	6	2808
1366	0	3753
3945	6	216
4067	5	3448
3711	4	1215
3352	4	1124
3745	4	1079
1239	3	421
204	5	930
4106	5	3809
65	3	8
1501	0	3166
3976	5	1270
442	5	2355
1317	6	83
391	4	619
3675	5	2888
2287	6	2875
877	4	3181
1460	6	3104
1020	6	3481
991	3	3205
2159	5	2158
2815	3	2816
548	4	2143
736	6	2312
2641	5	542
543	3	445
2395	4	2654
3149	4	1528
3119	5	3380
2598	5	2593
478	4	1550
3088	4	2993
3910	3	3857
1586	6	55
3432	4	3611
3651	4	1552
2529	5	2233
1038	5	3289
1954	5	3196
523	5	4182
365	5	2143
1646	3	1705
1297	5	2481
4015	6	1509
383	5	2851
4075	5	4075
923	4	505
737	0	612
1219	5	1044
1381	5	2158
2670	4	1166
920	5	999
3006	4	2210
1861	6	3371
4	4	3401
759	5	210
872	2	3414
3166	6	2285
579	5	2466
1801	5	3655
416	5	1154
3826	5	3826
1832	6	1822
193	6	3347
3072	0	867
3547	5	4007
934	5	1161
362	6	1038
2091	6	3262
3149	5	1213
3194	5	1117
2093	4	3200
4229	5	3408
2677	5	72
2172	5	1686
1930	0	1044
1544	6	3724
3889	5	3892
2586	6	4010
1933	5	1932
1560	5	1559
90	5	89
330	6	365
286	5	1684
1180	5	3169
2101	5	2284
3768	3	1913
1219	4	2355
3182	5	3183
1288	6	1289
4022	0	4253
3878	5	2973
728	5	2888
1809	5	1536
3857	5	3096
2538	5	2537
1448	5	1449
391	4	3371
3357	5	4108
748	6	3885
2586	5	2587
3949	6	348
626	4	2330
3766	3	3718
31	5	1182
3251	4	2320
3566	4	694
238	5	2461
3060	5	2996
2788	4	935
860	5	3525
3061	5	3061
1541	4	3516
2811	5	2773
4176	3	1337
2892	5	1037
3003	5	3001
2330	5	2332
3587	5	3586
985	3	984
565	5	2739
1759	0	1976
2686	6	2685
3557	4	3054
2280	3	1805
655	3	653
390	5	3558
86	5	1916
1453	4	410
2455	3	2454
1439	4	160
4115	5	3729
889	3	899
631	6	427
385	4	3032
2031	5	2466
3798	4	3199
992	5	1134
3192	3	2235
1930	3	2195
1215	6	3585
2731	0	1322
1197	4	2466
2287	5	2827
30	5	898
3203	3	4075
1654	5	417
562	5	563
823	5	1922
505	5	505
1756	5	1267
3025	3	1805
3134	5	3827
1653	4	3401
1622	5	2189
515	3	3744
4025	6	1655
3598	0	1686
2138	3	2137
2769	5	2196
3966	5	1015
2128	5	2128
3585	5	1916
330	6	350
3067	6	1433
1155	3	1154
362	5	362
2109	5	2307
2015	5	2016
3300	5	2805
308	5	306
2834	5	2884
3209	6	867
47	5	4067
582	4	4108
810	5	4001
2061	5	3615
3249	5	3250
2792	6	996
2526	3	1805
1373	6	2626
3328	4	3371
3142	5	834
4102	6	1019
849	0	4219
2078	5	4091
4216	4	1319
2057	5	1851
3944	3	3857
1318	4	999
3703	5	3702
238	5	237
1429	5	2347
512	3	3199
469	5	2143
793	0	1536
3556	5	4075
10	5	2755
1349	0	3749
3068	4	3065
503	6	2117
4274	5	1201
3550	5	337
1911	6	464
3808	3	3897
718	4	2121
4103	6	451
1936	2	441
3139	0	3460
3101	5	2467
1754	4	898
2347	5	759
2056	5	1944
2717	5	3380
1895	5	510
150	5	150
1756	5	3475
2357	4	2647
751	5	752
4249	4	2797
1163	5	2166
892	5	1530
1822	5	1457
2676	2	2675
2553	5	3429
911	5	95
4290	0	456
2378	6	3534
3704	5	3704
1968	2	1968
3836	5	4007
3848	3	3846
1089	6	359
1695	5	2862
4110	5	2545
1236	5	1220
1045	6	3921
181	5	3861
2070	5	2062
1046	3	1009
1794	4	1077
2807	5	3985
495	2	445
495	5	496
768	5	768
206	0	3508
30	5	1293
0	4	3844
3225	4	530
4096	6	3475
1426	4	2466
1123	6	4037
2130	5	934
3232	5	3139
3669	5	4258
7	5	1295
640	4	4119
1695	5	2321
1106	6	1123
3885	3	3857
3091	0	1323
667	4	1063
3044	5	1154
2200	5	3219
995	5	1045
1944	5	2354
1198	5	1771
2104	4	3109
3118	5	3117
539	5	1338
3085	5	3088
2950	5	446
672	3	2348
715	4	2875
259	4	295
3308	4	3984
3112	5	4062
1379	5	3111
632	4	2217
2545	5	4175
2322	0	1338
115	4	693
1383	6	1586
3214	5	934
49	3	2195
3948	0	190
2235	5	1445
4120	5	519
3796	3	2357
1825	5	3200
3521	6	2910
2859	0	1027
107	0	3165
4151	5	613
3049	4	2307
954	6	344
3979	4	3174
206	6	4217
531	5	1487
3879	4	2462
3149	4	3371
3790	5	74
2364	4	2970
1910	6	2414
1878	5	644
55	3	3744
1006	0	835
23	5	3558
910	3	286
1544	6	3413
2438	4	2466
3042	5	3401
1454	3	1453
53	5	1891
609	5	654
4030	4	3693
716	2	3151
328	3	327
1464	5	3380
3124	4	872
3024	5	4282
4092	4	3526
2610	0	1349
937	4	3392
581	5	779
3943	3	3939
667	5	667
3674	5	45
366	3	4149
374	4	2731
391	5	619
1105	5	3600
4236	5	851
4059	3	4060
1123	6	60
4116	3	4115
517	6	1765
3072	2	3072
1857	4	2071
2163	5	4038
1480	5	3289
2403	5	2700
3437	0	492
1512	5	6
2663	3	768
2530	5	2340
563	5	562
3245	4	2747
469	5	302
2523	4	4137
2528	0	2750
2614	0	2374
4032	5	4033
2516	4	693
629	4	2124
33	3	3744
2166	4	2198
2396	4	2397
543	5	4193
23	5	473
1406	5	549
966	6	238
4085	0	1338
945	5	259
3822	0	3077
2600	4	4173
3134	5	3229
974	6	617
1302	6	1964
2718	5	2312
1676	4	3251
2190	5	1739
1581	5	3344
2860	5	3068
1913	5	3473
1855	5	2101
3154	5	3072
1928	5	3707
1999	5	4014
1868	4	3378
3274	5	3274
2619	6	1236
831	5	2012
505	5	3292
278	5	1409
2950	0	50
8	0	327
1761	5	1760
2863	4	2830
2158	4	1381
1018	0	1017
121	0	122
1860	4	2824
3364	5	3366
575	5	2089
2546	5	3600
1590	5	3988
1118	0	4007
1299	5	1298
1848	4	934
4085	4	2322
903	5	513
1350	5	2527
2609	5	1479
2425	5	3426
2621	4	1975
404	4	1767
3164	2	1771
277	6	4267
989	5	3828
2472	5	1348
3965	5	4231
855	5	2034
4270	5	3482
674	5	673
2337	5	2336
124	5	1402
3935	2	3933
3766	3	2182
3222	5	2868
168	5	519
3581	5	1168
725	5	1975
343	5	282
2611	0	3795
1251	5	2210
346	5	1020
3301	4	2330
1533	5	4007
3936	5	48
1375	5	1261
1803	6	4037
1615	5	952
1893	5	1894
2651	6	2106
3010	5	2160
1337	6	2031
769	5	3392
362	4	3242
2976	5	2355
1181	6	3805
1526	5	1765
4127	5	1586
1038	5	3562
3704	3	1805
1661	5	1882
3822	5	1684
4206	5	684
421	5	3867
3921	6	201
3139	0	3460
3613	0	1788
2673	3	2671
3846	4	1959
3604	5	3603
2659	6	3292
1548	4	3194
3083	6	1289
66	5	2593
4178	5	519
1964	6	3925
1327	4	530
2346	3	2345
3067	2	3066
2582	5	2871
463	6	1695
3555	5	1487
3549	4	561
1284	5	3482
4035	5	4034
887	6	1737
2404	5	1044
4174	6	512
3217	3	3214
3670	6	3166
1316	3	1312
2023	4	3555
667	6	2524
1398	6	1337
2139	6	2138
1808	5	1808
1648	0	171
1542	5	4058
3459	2	1168
394	5	654
532	5	383
1326	0	2625
2651	4	179
3870	5	653
3347	6	2086
1674	4	3588
1814	5	88
37	6	36
2079	5	2078
672	4	167
1533	5	2418
919	4	2797
1737	4	2523
2571	6	2570
4193	4	3200
1683	0	3163
526	5	123
943	5	2232
4076	6	249
2069	5	2066
3814	6	3726
1543	5	427
2970	5	1139
20	6	505
3210	4	3600
4044	5	3071
1974	5	3428
11	6	550
3868	3	3857
3419	5	2093
4237	6	3819
3443	4	3401
953	0	3586
365	6	805
2928	5	2929
1432	3	1430
3388	4	3392
80	5	940
3579	5	283
1336	5	1335
1622	5	2650
3866	0	4191
2081	6	864
3000	5	4196
1848	4	694
1866	5	2105
769	5	654
1939	5	1295
3962	6	2647
1139	5	1141
2504	5	1030
3581	5	632
50	6	2494
1381	6	1052
4192	5	4191
100	5	2438
2592	5	771
2748	3	2747
1840	5	1839
4058	5	4231
2727	4	3475
2839	5	2838
3017	5	3016
4283	3	4282
1457	6	3234
2810	0	3307
3511	4	4093
1574	6	1326
181	6	517
3163	5	1644
667	5	3166
2097	5	2096
2038	4	3984
3711	6	458
313	4	4123
3849	5	3850
4233	4	1045
123	4	1402
1772	0	2564
157	3	4152
2364	5	1071
416	6	3872
1675	4	3126
1068	5	1069
2822	5	2823
471	6	2901
2297	5	3169
2453	5	3309
3790	3	3788
10	6	2289
1607	5	2875
489	4	3392
1210	5	1211
3022	5	3023
1974	4	3428
3796	5	2357
1526	6	3416
2741	5	878
3609	4	3437
988	4	2648
3655	4	3378
2500	3	421
2475	4	3797
3925	0	3809
3923	6	2523
1352	5	892
537	2	536
630	4	2149
4158	5	3507
2286	5	3900
963	5	962
4017	6	3888
3460	0	3139
2803	4	1172
2126	0	2092
1928	4	1485
3857	5	2524
2622	5	2665
1777	0	32
2932	5	4022
4176	4	1337
721	5	2572
1885	5	3687
3320	4	1552
1711	5	338
2614	5	2374
2809	0	2670
4070	2	4069
2246	5	1125
936	5	2086
3051	5	3463
2161	6	210
3711	5	2731
2321	5	1322
1853	5	1852
3326	4	3323
2688	5	2320
1374	6	1373
4161	4	1390
1222	0	465
753	5	752
731	4	1166
3672	5	1996
1041	3	1009
734	5	4256
2402	4	3693
2758	5	2757
976	2	975
2991	0	94
1048	5	2370
1125	4	2150
1198	3	1197
3619	2	3618
3920	5	3908
731	0	3693
3380	5	1261
2071	5	3350
2958	3	2603
3819	3	3718
611	5	1550
44	5	1528
3101	4	1771
191	3	190
3	5	3028
4124	5	4123
1510	5	2438
2353	5	1346
1038	5	338
3465	6	1607
2119	4	2145
109	4	163
3956	3	3857
3448	0	3439
3857	5	531
3233	4	3158
3162	6	1383
523	4	3866
120	5	119
841	4	894
585	4	853
4074	4	1402
555	2	1404
2747	5	2770
2213	4	1995
2378	6	3555
2278	6	3440
2622	5	1194
2363	3	1913
4060	5	4061
2753	4	2653
3735	0	465
3889	2	3857
877	5	3914
4140	0	2873
3006	4	3126
1733	5	2466
95	4	690
2656	4	3996
903	3	887
4173	6	325
1498	5	1907
1652	5	3556
2377	4	2652
2519	4	2227
1702	5	1701
3112	4	3516
1938	3	1937
4171	1	1861
2650	0	684
3357	5	3176
1136	4	1304
3739	5	2453
533	3	3744
2168	4	838
2253	5	1161
3774	3	3718
2805	5	2970
282	5	1520
2078	5	2080
1888	5	1887
1111	4	3246
1634	5	2440
1007	6	1023
613	5	3464
464	0	3173
1906	0	2486
2719	5	2718
690	4	2517
3551	4	1327
769	5	2664
2627	5	1957
3905	5	1872
2542	5	2539
1181	4	3428
2134	6	2398
3883	5	1530
2962	4	4281
262	5	199
281	5	200
1103	0	1790
3429	5	3430
2659	6	3401
13	3	12
3243	5	1150
2507	5	2045
628	5	2949
1933	3	1932
3082	3	3081
2648	5	2049
2291	6	2031
3345	5	1117
1696	5	1694
4066	0	1434
3138	5	3231
3774	0	2601
2818	6	2920
1543	6	3139
2056	4	1552
2281	5	1194
1718	5	1720
3451	5	3870
2937	5	2321
1854	5	1853
703	4	3423
653	6	671
3018	5	2481
1528	5	1529
408	4	530
4085	5	3008
833	6	3451
3937	2	3857
2243	6	4190
3687	4	2263
1296	0	2507
933	5	1428
3459	0	3617
3664	0	2608
3625	4	4031
628	2	613
662	4	121
104	5	104
2198	0	35
3074	2	3072
740	6	805
2194	2	2193
1124	6	691
1442	5	2888
3045	4	1862
1125	6	1124
3353	4	4123
1967	6	2969
3598	4	790
1578	4	1241
450	5	451
1081	6	1076
3167	3	1555
70	5	617
3742	3	3718
1015	6	1691
2930	6	1692
1911	5	944
870	5	869
4085	0	3102
4293	3	2116
713	4	3292
3135	5	1154
2688	6	952
260	4	2764
3385	2	3384
155	5	1331
4050	6	4196
2252	4	1644
3855	5	3855
1678	6	3921
1849	4	701
1756	6	2312
3414	4	2320
2578	5	2577
2971	5	3731
3473	5	2613
888	3	613
2237	5	2255
2347	5	3405
667	0	2847
3593	2	3216
3698	5	3699
292	5	291
3326	5	3326
1953	4	669
3897	5	2908
3973	4	3879
288	4	1767
4090	5	3514
4004	4	2024
4058	5	2988
4071	4	3103
2421	5	21
213	5	3684
3469	4	95
107	3	1805
45	6	954
2399	0	4213
3732	5	3134
2285	3	2284
1544	6	1447
3971	0	909
2646	6	1349
115	5	3872
1737	5	3884
23	3	1194
180	6	3881
2082	4	3194
1092	0	961
1776	5	1774
602	6	667
448	3	449
1784	5	451
2378	5	1250
2656	5	2657
1151	5	1152
4096	5	3686
238	5	212
3199	5	3361
3839	4	3401
666	5	457
1190	4	2983
3236	5	3290
3296	5	3581
1169	5	3475
1266	5	1265
2436	4	3392
2209	5	3209
2311	6	1462
1541	2	3516
3374	4	775
3764	0	2025
3652	5	1524
3338	0	4118
1175	5	3162
2286	6	4143
3935	5	1326
3560	3	2773
785	5	1975
3271	5	3270
1144	5	2152
756	5	1448
2221	4	694
4138	4	3382
3136	5	3526
4177	4	2307
2025	0	3764
1579	2	1579
2626	6	2988
304	5	3883
1910	5	2524
3501	5	519
107	0	3751
765	5	3558
67	4	973
3784	0	3917
1390	6	3188
2663	5	2664
2454	4	3382
2887	6	1184
1022	5	3344
3330	4	2405
2086	5	2111
2755	4	3392
696	4	120
258	5	2935
1543	5	3815
1407	5	519
3792	5	3802
1903	2	1940
2248	0	3077
1711	5	2895
2110	5	261
1664	5	1663
4090	0	1121
1018	4	1501
3247	5	4268
1191	4	3742
1198	4	580
1322	5	3096
2695	4	3844
2396	4	1402
482	2	2116
2651	4	692
2951	5	2952
103	4	2731
3073	5	3072
1584	4	1975
121	5	1975
1380	6	125
143	3	142
588	5	586
4164	4	3176
2769	5	711
1442	4	160
944	5	2747
2024	6	4300
2121	6	3573
1124	5	4173
1707	0	2154
2117	5	3715
1497	5	288
632	4	239
1852	4	2365
275	5	283
2266	4	441
4269	2	4267
364	5	1045
2939	5	3450
334	5	3861
3312	0	2043
3564	4	632
420	3	3083
4245	2	4244
4051	5	4052
2105	5	3070
234	5	1322
2850	3	4159
4148	5	4146
4012	2	3386
1793	5	320
570	5	2122
1102	6	1120
3436	5	3437
3779	3	2977
4174	5	1529
2129	5	4267
84	6	567
1250	4	13
1634	4	2659
1996	5	1997
2261	5	2293
1042	3	1009
2812	4	2731
2113	4	2013
2195	5	3288
1139	6	503
3580	4	1941
4060	0	692
3659	4	3392
2128	5	2127
2867	5	3127
4043	5	2
1471	4	1767
3362	4	1030
1368	4	2357
2443	4	3490
3832	5	3831
165	5	166
2123	3	2121
4231	5	2106
2896	5	720
4198	4	2747
3921	3	3744
3278	5	2684
1180	4	3401
2648	3	3744
823	5	1014
1608	6	3762
4110	5	2148
2223	4	1166
1973	5	3872
1319	0	2796
3275	4	160
2385	5	4007
1057	3	3463
2198	0	916
3211	3	1527
3599	3	3597
4163	3	4161
1640	5	1639
2581	4	1172
1578	5	1501
1174	5	617
2764	5	194
2937	0	2773
544	6	3573
286	5	886
173	5	1776
1954	5	2291
2158	5	13
2232	4	4173
32	3	8
2191	4	3392
108	6	4001
2607	5	1461
2793	2	3507
206	5	3558
1338	5	1337
3144	5	1812
238	4	3555
787	5	33
369	3	4050
1348	5	1353
1327	6	2135
2635	4	3378
2986	5	3456
3877	6	481
1101	0	1790
3674	5	511
2740	5	2633
2572	5	1877
1603	5	1603
2881	5	617
172	6	2078
3126	6	3202
3189	5	1644
1608	6	2271
2062	5	4117
309	5	1487
1412	6	2594
849	5	2775
1538	4	1771
2991	4	3380
768	4	1079
3308	3	3984
774	5	525
2542	5	934
83	6	462
1474	5	1470
2218	5	411
1685	5	1230
1676	5	3251
3924	5	1053
3815	5	346
460	5	1338
3492	5	3491
2815	5	241
206	3	168
1430	5	4088
2542	5	692
1227	4	531
2587	5	2586
3129	4	296
1341	6	9
1744	5	3877
2086	5	3347
921	4	1411
2597	5	2990
2081	5	872
2646	6	3508
1131	5	4045
13	5	3491
378	4	1108
190	2	168
1367	5	2593
2133	6	3785
3616	5	2802
2353	5	1487
1117	5	1295
628	6	3048
2123	5	910
2097	2	2096
445	5	737
2379	5	2161
2659	6	2117
4300	2	4298
3826	3	3820
3889	5	3910
1880	5	4034
1072	5	4291
4127	0	4128
3162	5	1591
3784	5	3287
2261	5	4007
3282	5	2731
1295	4	1117
2848	5	2850
599	6	1577
1885	5	1492
160	4	693
997	5	1212
4226	5	3558
2633	4	4281
2378	6	283
997	5	2378
3218	5	3872
2103	5	2572
1608	6	2049
2321	5	3585
2456	5	2654
1499	6	2348
4125	6	2245
2847	6	1501
3465	5	3792
244	5	2210
2654	6	2152
3998	2	743
1654	5	1487
1726	5	1720
3998	5	648
361	5	1487
1937	5	2466
279	4	4243
1064	5	973
3538	5	3539
3448	5	4067
1670	5	3128
2797	5	2152
3508	5	3507
2695	5	199
723	5	1975
834	4	2220
3897	5	3896
2593	4	952
1646	2	1644
1601	5	519
11	6	68
1574	6	1326
531	5	3066
1530	6	1756
1849	3	701
3175	4	1184
887	5	2308
1966	5	1393
80	5	4007
447	4	442
337	0	3909
213	4	1062
2981	5	542
512	4	2422
2770	4	3504
191	3	1009
4049	5	4048
4300	3	4298
337	3	327
2727	4	1124
735	2	1531
1553	3	1219
583	5	3444
1185	4	3984
2205	5	771
1400	5	4220
2459	4	3600
3581	5	1204
1754	4	1309
3815	0	1684
3775	5	2646
3473	5	4137
607	4	1862
343	4	2405
2113	5	2013
4115	5	1261
2356	3	2355
77	5	4251
4282	4	2750
1183	5	1183
1193	4	2803
916	4	1319
2121	5	2121
3664	5	2608
756	5	1507
2513	5	2514
2563	4	3923
3965	5	3963
243	3	168
2506	5	2607
1033	6	4240
1547	5	934
1383	5	2355
1558	5	1558
2116	0	2253
3815	6	427
2370	4	934
2245	5	2137
4296	0	3799
4102	6	2601
3673	5	3672
1978	5	3891
2980	4	2648
2387	4	1479
524	5	4094
1228	4	2355
3691	4	295
3135	5	4273
3197	4	193
2993	6	468
523	5	3405
3930	5	2078
2858	5	1470
1520	5	934
4094	5	4150
2648	6	2650
3879	3	2462
2198	5	3096
3490	5	2875
2743	4	4031
3993	6	4042
3543	5	3544
3791	4	849
979	5	2623
416	5	3245
2962	4	2749
3598	5	1319
13	5	2034
2922	4	1127
2546	5	2547
2213	6	3872
2123	5	2775
3134	5	3134
1775	4	173
3025	3	3024
2113	4	3382
1543	5	2396
1513	5	3121
2736	5	2735
1443	0	3166
3733	4	365
4084	5	1338
1289	5	418
1164	6	1165
122	4	2653
3356	4	1079
3837	6	2908
4036	5	990
3460	0	3375
3423	4	2214
3018	5	3223
3710	5	3710
3521	6	2910
1965	0	1477
1018	4	2993
3894	4	3611
840	5	3706
2360	6	4276
2630	4	2990
4	5	3401
277	5	4096
3681	4	580
3154	5	3208
814	4	2830
501	5	500
760	5	4074
1954	5	1551
2462	6	238
2536	2	2532
1636	3	2235
387	4	2438
3950	5	2731
1917	3	966
152	4	1402
3601	4	561
889	6	3769
3045	5	3045
2295	5	4175
733	5	1607
4085	6	1933
3465	5	3392
774	5	519
1421	3	1805
4284	5	2052
3136	4	1820
2741	4	1368
2446	4	2632
2458	3	2457
2308	5	1383
3546	2	3682
1981	0	4056
3229	0	3783
652	4	2355
365	5	4136
4105	4	2157
1123	6	2904
663	4	2396
1899	3	1805
301	5	2407
1278	5	3584
2392	4	2049
3892	5	3889
1655	0	3951
2393	4	3392
1204	6	2011
4066	4	3454
2260	5	998
2922	4	2659
2921	4	2559
4204	4	532
2207	5	4196
607	5	3163
2919	5	3475
3414	0	1644
1003	5	1348
1468	4	123
656	2	653
994	3	3594
2264	3	1805
3797	4	1394
3280	4	2116
2494	5	2495
2096	4	3401
3531	5	4045
2737	5	1988
1907	5	1498
2319	5	2318
3269	4	1293
1457	5	1478
653	6	135
535	5	2121
3810	5	2311
1514	6	1457
39	4	1319
4249	5	4181
2340	5	1478
3422	5	3490
4107	6	231
2333	5	2123
3920	5	2260
3289	3	421
1611	5	4108
532	6	3173
3091	6	3802
3332	5	596
23	4	4008
1255	5	2313
3931	4	2355
1614	4	1634
781	4	2397
3524	5	3525
3802	5	1607
3775	0	2646
3775	5	2648
680	4	691
257	5	3967
2109	3	3693
1897	4	2121
2201	4	1078
3433	5	3432
2514	3	2513
2566	5	934
867	5	780
4072	3	441
2695	5	3844
868	5	2438
2658	5	2017
2509	5	3475
1564	4	1238
3931	5	3929
1311	5	1310
462	6	3537
1631	3	1629
2113	4	2143
3313	5	999
2479	6	3082
1613	0	3998
259	5	259
633	5	632
463	6	2166
1141	4	2405
3581	5	894
862	5	3297
3448	5	3464
3626	5	2073
2485	5	2229
1514	0	4194
2133	0	2625
2936	0	2938
2967	4	2105
357	5	3126
1007	5	1023
2524	0	2645
1383	6	55
2816	5	2817
2456	5	4138
606	2	605
3289	0	3785
3647	4	1293
1158	5	2240
562	5	2938
151	4	694
3834	4	1621
3784	6	4236
1220	5	3014
4011	5	2902
4282	5	4283
288	5	1767
946	5	945
2106	3	2195
1329	0	3750
184	5	998
211	6	183
761	0	2598
1556	5	1506
1686	6	505
1311	5	1310
4062	5	1404
2622	5	2521
3700	5	4062
1348	5	1357
2545	5	2546
903	2	887
3100	0	1418
3797	4	2731
1436	5	338
1360	0	3752
2382	5	3533
1154	4	1014
71	5	872
1564	5	1117
2649	6	2433
1476	5	1855
2184	5	2185
2602	2	2601
4173	6	1124
3227	4	2052
4296	3	4285
2555	5	2554
2889	5	2890
885	5	542
3586	5	3587
1897	4	3392
2117	5	3148
1080	5	1081
3326	5	3325
1171	5	2438
4161	6	1390
4067	5	4197
3309	5	4041
2028	3	72
3072	6	2646
2727	5	3135
742	5	121
1629	5	4094
623	5	2848
3534	5	3446
3546	5	3682
3348	6	283
2486	3	2235
1681	5	1680
2523	4	1464
1255	5	2355
96	5	4007
3067	5	2148
3849	4	2731
3411	5	4301
4251	5	4250
2103	5	288
2961	4	1616
3860	3	3859
414	5	413
1933	2	1932
222	5	223
57	5	58
3306	5	979
2956	4	313
1173	3	2031
66	3	8
31	3	8
427	0	1229
4075	5	1015
3450	5	3980
4095	4	3828
476	4	2085
3599	2	3597
67	5	973
32	5	3454
2138	5	2137
1944	6	1487
3348	4	283
1792	4	694
3853	5	3852
1337	0	2105
1590	5	1129
2209	5	2211
1809	5	1810
3913	3	1009
2727	6	2726
1675	0	2696
2731	5	1166
3154	5	127
2848	4	3797
612	5	654
476	4	2747
1197	5	3916
3989	0	3812
318	5	1076
1448	5	3997
2338	5	2712
592	2	3369
3913	0	1408
3811	5	1779
1197	5	1206
463	4	1319
3783	3	3718
53	5	1789
3288	3	3287
3492	4	57
808	6	66
2592	5	318
622	4	2102
2091	5	2433
1270	5	1874
1479	5	2589
506	5	1530
590	3	586
1156	5	1239
4252	4	4159
3761	5	2436
1878	5	4110
2815	3	1009
4056	5	287
3450	4	2939
432	6	119
4283	4	1079
360	5	2731
2487	5	2475
3045	5	3222
2260	5	519
1241	5	1118
1043	5	1134
32	5	1250
3201	6	1467
2061	4	3490
399	4	296
172	6	26
4096	5	336
3372	4	2731
1996	5	1870
3742	5	465
1590	6	762
3162	5	3448
2944	0	3282
3318	5	1476
885	5	4136
2424	5	2424
2215	0	2216
1003	5	2471
2946	5	2618
365	5	519
4007	0	1118
3574	0	2862
2325	0	2408
832	5	2173
360	5	3096
851	6	1216
1240	5	3595
2517	5	1322
2102	5	2397
816	5	1897
1021	3	1686
1558	5	1812
1387	0	2624
4293	4	2116
644	5	645
1200	5	849
2431	5	736
531	6	1487
1650	5	1651
3328	4	3378
4132	6	920
384	4	3600
3505	5	692
182	0	1431
595	0	3386
682	5	2755
4247	5	4248
1497	5	2572
3890	5	3892
3327	4	3984
1223	5	1222
2647	5	3361
1510	4	2466
3639	6	4285
3859	2	3857
2518	0	3773
3215	4	792
1357	4	1891
328	6	2806
769	4	3392
2130	4	694
1337	6	3309
2710	5	2671
3375	4	1661
2622	5	3454
4150	5	4094
286	5	910
3501	5	4136
1667	4	1364
1903	5	3225
2168	4	2329
1426	4	2438
386	6	2880
3525	4	296
2993	6	4130
3279	5	804
3034	5	2982
933	5	2370
2104	4	1201
3537	4	2355
3297	0	862
1727	2	1725
1038	2	1009
4116	3	2195
1666	6	717
4077	5	4094
1892	4	2368
4296	0	3799
1601	5	1601
2903	6	454
3084	5	2747
4089	6	4235
1612	5	2659
2491	5	2490
3154	4	1322
3055	5	990
2485	0	4038
2872	0	3778
4242	5	578
1805	4	2731
3549	5	3653
918	5	2167
2482	3	2481
2935	5	1195
3268	5	3267
392	5	3223
4202	5	3774
287	4	4056
785	5	3649
1612	5	3896
1315	4	280
2373	5	3309
1069	4	3382
1583	5	4048
3570	4	3516
1069	4	2210
4133	6	4167
1608	0	1012
729	4	2438
3662	4	1550
3395	2	3386
2056	4	2052
2764	5	2731
2517	3	4123
3042	4	1550
4174	5	3714
2859	6	1021
2306	5	2282
426	5	435
1480	6	1481
653	4	2650
667	6	1316
1352	5	2307
3576	5	3566
2063	4	1109
3375	6	3139
3162	5	1139
2595	5	2594
2185	4	2121
1230	4	3900
452	3	451
2417	5	3416
2601	0	4291
1127	5	473
1964	0	3763
4050	2	4050
3173	5	954
1375	4	2321
1421	6	1986
1879	5	1124
3986	3	3985
3921	6	1678
899	5	259
3925	5	1501
4226	6	4029
1223	0	1314
2183	5	2185
3872	4	3428
2688	6	596
1210	3	1009
7	5	1184
2291	4	2731
699	4	934
2286	6	2286
3004	6	4229
1132	0	1405
2642	5	2641
416	5	457
2442	4	1141
511	5	954
1059	5	3380
983	5	982
3443	5	2591
933	4	3555
3302	5	1443
4061	5	4060
2187	5	2888
676	5	2438
1841	5	3519
2789	5	2335
2308	5	287
3810	5	3900
597	5	4093
4104	2	4105
288	4	2572
3316	4	1076
4200	3	3567
1069	5	4123
4288	0	3791
2516	5	3216
68	5	1166
3460	0	2547
1130	5	3831
48	6	2460
3079	5	2950
3001	4	3335
63	4	1325
2046	4	1082
4134	4	2152
511	2	3173
883	2	3693
190	2	1470
4248	5	4247
3360	5	3360
3172	5	1111
2420	5	2419
3102	0	2873
2210	5	3380
3747	4	886
1321	4	3372
1188	4	600
3745	5	3745
3224	6	34
3750	0	1329
3066	5	531
307	5	1219
955	3	2195
1661	5	3168
1470	5	2674
2891	5	2892
3898	5	3898
201	6	3587
840	5	1820
576	2	575
4198	4	561
262	5	2895
1880	5	1880
3683	4	886
3080	4	3056
804	5	2613
856	5	855
1414	5	1388
628	6	3386
253	3	1805
1686	5	2354
324	4	794
653	6	408
23	5	33
3572	5	2121
4096	6	336
2688	6	3055
166	5	165
3907	6	1528
590	3	1705
3193	5	3191
2690	4	2747
1411	0	2121
2987	4	2467
2566	0	2370
555	4	1404
1109	6	531
2768	4	691
3366	5	3586
2697	5	1296
2719	5	3706
3237	4	3600
1608	0	1012
2446	4	854
2383	5	3401
569	6	811
3018	5	3134
639	3	638
4085	0	1507
4122	5	1915
635	5	1117
463	6	1161
2249	6	4290
1819	5	330
2311	6	2313
2552	5	2553
1069	5	998
2171	0	2143
683	4	775
3549	4	4123
4271	5	3825
34	3	8
3142	6	834
1992	5	2875
448	5	449
612	6	771
696	5	120
3674	5	4204
2600	6	2657
628	5	4252
2414	5	2414
1221	4	2073
3516	5	3131
1644	4	2870
1471	5	1767
3260	5	3259
3505	0	174
2067	5	2068
1379	5	3110
3133	4	3378
4088	6	1906
2591	5	654
2475	5	4069
43	5	3051
3790	5	3998
2704	5	1487
2647	5	1478
2228	5	1224
1884	5	1885
1558	5	145
4257	2	193
4262	5	4264
2972	4	2694
2618	5	441
2524	6	2738
1866	5	2254
2672	5	3870
1855	0	1229
2081	0	361
617	3	421
3475	5	3096
4251	5	4252
1813	5	1812
2886	5	2885
2828	5	4123
608	3	1009
444	5	2845
3521	5	1134
3074	4	3199
3687	5	3392
4271	5	2161
3719	0	27
1938	0	924
1737	6	0
4096	6	3715
4076	6	1965
3596	5	3595
598	5	1020
2165	5	2166
113	3	1805
2399	6	2494
1408	5	2731
2043	4	3657
1409	5	1369
679	4	1882
2970	5	790
1039	5	3198
1611	5	530
1724	3	1805
2712	0	2338
5	4	1194
4242	4	692
300	4	373
2455	2	2454
2600	6	283
3824	5	2046
158	4	2589
3615	4	2143
150	4	3356
2378	5	283
2871	6	2089
2534	4	289
398	5	519
2817	5	2815
3627	4	2031
555	5	1404
3326	5	3326
2245	4	1241
1034	5	1033
583	5	4001
788	5	2254
1590	6	3846
4143	0	3066
100	4	2466
614	3	3744
643	5	642
2300	5	3344
3707	4	3392
1310	5	1311
1045	6	4233
1989	6	3261
2873	0	3102
3891	5	3892
2828	4	4123
824	5	1194
4052	5	4051
2014	5	3933
2753	4	693
2514	5	2513
1293	4	95
3098	5	654
3423	4	2651
1506	4	1461
2041	5	810
1261	5	2117
3228	2	2209
888	3	887
1711	5	550
977	5	4230
20	5	1109
3223	4	530
532	5	2378
283	6	4075
3234	3	1009
1422	4	123
3125	5	1457
2398	0	3451
2106	5	2105
2296	5	2805
3422	5	2355
906	4	1530
2345	5	140
1872	4	2339
1951	2	1949
499	3	445
3174	4	736
1917	5	1920
2525	5	2355
3066	6	3158
1123	5	1122
1400	6	474
2862	5	3827
355	2	354
3410	3	3408
4108	5	3454
2921	4	3422
663	4	2397
649	5	648
3791	5	3788
3861	6	2616
2690	4	585
1495	5	1494
33	5	2454
1478	5	3898
1158	4	2608
3102	6	1570
3820	5	1351
957	4	999
2185	5	1079
3084	5	1411
1310	6	345
3421	6	3778
3882	3	3744
571	4	3054
364	5	2687
1628	0	1627
3127	0	3126
2346	4	3414
4174	5	3581
1759	0	1976
861	4	4003
3701	5	1124
2265	4	2407
3515	5	298
1425	4	2405
2638	5	2639
4157	5	1550
3762	5	3507
2944	5	1487
3342	6	3072
569	6	811
1040	0	3067
1420	6	1330
1701	5	1702
1029	0	1227
2121	6	1301
314	5	2773
1304	5	55
184	5	1252
1643	5	1295
244	5	86
3067	5	1222
2929	5	2928
4236	5	4235
1974	4	934
3394	5	3395
2390	5	2391
278	5	2423
1975	5	3872
915	5	914
421	5	2313
1793	4	690
212	5	1735
3536	5	799
3044	5	3984
278	5	277
2217	5	542
1205	5	1340
1572	5	2692
868	4	2438
153	6	156
1490	5	1490
3474	5	4137
3637	5	2490
829	4	2651
4283	3	1805
49	6	48
932	3	929
4192	5	4231
1388	5	2355
1290	4	2967
1459	5	1457
2841	5	2840
1704	5	1703
1845	4	600
1528	5	3882
4068	6	573
3989	0	3812
746	5	1457
3046	5	4043
3483	5	3567
2655	0	16
3074	3	3199
2049	5	3762
3785	3	3289
437	5	3555
3738	6	4295
4100	6	4101
607	4	3378
637	5	3380
3077	0	2248
2536	4	2520
4251	5	4159
2434	5	2433
1961	5	1361
2002	4	834
1963	5	1309
3430	5	3429
344	3	344
20	5	464
1707	6	3436
4	4	894
3504	5	3505
520	6	2950
3166	5	1501
4023	5	3846
1514	0	2634
883	5	3693
2731	0	2613
4091	6	2089
4076	4	688
2070	5	2672
3181	5	2613
595	5	431
3774	6	4291
1129	3	1154
3465	5	3096
749	5	748
934	5	2890
1339	0	4213
286	3	1705
185	4	3049
2076	0	981
1635	6	1429
1437	6	1925
3584	5	334
3163	5	3984
561	5	2517
3149	5	1509
4173	4	1208
3051	6	1718
1934	4	2393
4010	2	3163
2462	4	3555
2286	6	2166
3013	6	3517
450	5	951
2545	5	2547
4269	3	4267
2499	0	4014
2480	6	2159
1135	3	1222
2286	5	2556
208	4	2483
768	5	768
4108	5	1487
2842	6	2507
3162	6	1749
109	5	1491
4289	2	884
3108	5	3109
1457	6	1832
1506	5	1507
177	5	178
315	5	1301
3548	3	2195
3706	5	2367
2857	5	2856
431	4	4159
3415	5	2805
3257	5	3287
3794	5	2105
1044	5	1478
209	5	209
1319	4	4041
2074	5	4192
2229	4	4123
3667	5	525
2625	4	1409
845	5	4239
3634	4	3584
1073	4	670
3100	6	1402
3210	4	2152
3638	4	26
3510	5	1168
1101	6	1103
1057	2	1055
684	0	2648
665	2	664
1760	3	1737
2915	5	4041
1965	0	3624
3149	5	1046
1340	0	4056
3749	6	1067
2855	0	3586
3237	4	2152
3835	5	4007
3917	6	4232
738	0	739
2869	2	2868
1493	3	1491
2773	4	2517
3448	5	3448
1161	6	2166
4204	5	511
3014	6	1220
95	4	4231
409	6	2031
121	4	2653
526	5	577
3090	4	1766
2165	5	2775
898	6	1492
1836	3	1835
254	4	1322
583	5	1530
2074	5	472
972	5	1161
3937	3	3857
3566	5	934
43	4	3246
3969	4	530
294	0	2655
2844	5	2843
2621	5	1974
517	6	347
1976	0	1759
1818	5	1491
3846	0	2475
1967	4	2467
2072	5	2071
1944	6	1117
4092	4	4126
4284	5	667
2265	4	694
1063	0	3739
645	5	644
3876	4	2422
1211	6	2909
2666	5	3357
1855	0	1229
2852	5	201
2720	3	701
2478	5	3872
889	3	1705
3131	5	2731
1197	5	2105
3701	5	1491
4134	4	527
2254	0	3081
3200	4	4173
3901	3	3857
4204	3	3173
1293	4	3872
1989	6	3359
53	4	1891
3203	2	3202
2307	5	2329
1310	6	345
708	5	4007
2067	5	2061
446	6	4002
3079	3	3078
2419	3	3939
4270	5	1402
882	4	3611
43	6	3246
36	5	502
1380	5	2731
3225	5	3045
4297	5	3380
612	0	737
1214	4	3151
2858	6	4094
1478	6	1421
906	5	3376
282	4	3428
1029	5	333
4138	4	2456
0	5	2563
214	6	1750
44	5	3952
22	3	8
3196	6	1954
1909	5	3915
3162	5	3615
4007	5	2507
592	4	3369
1220	6	1908
3248	5	3250
933	5	1317
2264	5	2479
3428	6	3682
4041	4	539
1776	5	3392
4058	0	1529
2154	0	3873
108	6	1530
3693	4	437
1260	6	2137
3415	5	3581
2237	5	3191
4023	0	2487
436	5	3600
1597	3	1596
1508	2	1457
3838	4	1975
1923	5	4282
1985	4	442
1538	4	3101
1457	6	1590
1536	0	793
23	5	447
3272	5	2980
2913	2	3039
996	5	3318
76	0	3860
2346	5	3491
3700	4	1124
3586	5	3587
4061	5	3682
1872	4	1238
4096	0	3066
546	5	4136
2739	2	4195
1295	4	3507
90	5	2240
3626	5	1957
2478	5	1457
2862	0	3252
2651	0	206
952	5	1530
2482	3	1913
2161	6	817
2784	5	2783
1548	4	3984
3051	0	3209
1426	5	2438
3889	5	3890
3521	5	2355
844	5	3810
181	0	1699
398	6	3448
31	2	2143
2442	2	3414
1501	0	3166
3783	3	3229
3689	5	3085
617	5	2117
1739	0	1982
527	5	2648
3272	6	3951
1111	5	3096
4010	6	951
90	5	4108
337	5	3738
475	5	50
667	6	4284
3857	5	2106
2875	5	3584
365	2	3380
3451	5	3139
2315	5	3117
4102	0	3814
3860	5	4231
595	5	1301
1184	4	1956
1981	4	3649
951	4	2422
2492	0	4005
427	6	3815
695	4	2339
3797	6	4002
86	5	85
2345	5	2233
488	4	1079
2851	6	201
2555	5	2080
3119	3	1805
4198	4	2152
1137	4	1784
858	6	459
2134	0	1855
2227	5	4159
501	3	1009
1255	4	2313
492	0	520
399	5	3392
112	4	3110
2022	0	2602
1390	5	4175
1774	4	346
4293	5	2378
2612	4	3168
2994	5	4301
171	4	1430
3308	3	3306
919	5	3428
3446	5	3447
1537	6	3273
1056	4	680
2614	4	3380
4241	4	3481
4217	4	4042
39	5	3858
561	4	2517
2992	6	3357
4226	5	3898
2637	3	1805
485	5	1322
874	4	299
2801	5	2027
4174	5	2901
3174	4	714
3802	4	1607
54	5	50
1572	4	1457
2491	6	998
1758	5	3202
3710	5	3710
3879	3	3878
1407	5	2322
3955	5	3954
3573	5	503
3511	5	1644
2317	4	2339
286	3	283
2062	5	3348
2182	0	3766
2468	5	2870
3281	5	1386
1173	3	1902
2980	5	2731
3146	4	1376
2522	4	1464
136	5	4034
2579	5	317
1000	4	999
3306	4	3401
977	5	4036
40	3	39
1859	5	1858
2105	4	2321
286	6	1397
2825	5	2824
2147	4	1485
2735	4	2121
891	0	2248
1433	2	1432
1222	0	485
2633	5	3363
4290	4	2354
2355	3	1219
2600	6	533
184	4	1656
1032	6	3891
4206	5	3797
2622	4	1194
3844	6	3730
67	3	8
410	4	3378
1453	4	3378
1349	5	3287
2438	4	2088
3976	5	1874
3949	5	3558
3958	5	2731
2061	6	2165
1943	5	1942
3420	3	1913
602	6	49
3786	5	4231
3556	5	283
602	0	332
2171	6	3067
2382	4	1166
2417	5	1386
346	5	2329
1197	4	2088
1849	3	1848
1753	3	1737
1327	0	2135
3042	5	2185
262	6	4090
282	4	1520
2004	5	2773
2135	4	1327
3808	5	3896
2797	5	95
3917	5	3909
555	3	1404
2121	6	3392
1707	6	1396
2848	5	1322
764	0	2019
182	5	886
2233	5	465
985	3	3744
3785	5	338
4288	4	849
346	5	519
1516	5	1517
1059	4	1079
2139	3	2137
2188	2	2189
840	5	140
1249	2	4195
3650	5	1309
2157	5	2731
1062	0	2371
1046	2	1009
1965	6	795
1909	4	999
3330	4	1402
1691	4	3309
2078	6	3522
1655	0	3272
3361	6	760
1055	4	1030
2659	5	1170
2859	6	536
2661	3	3109
2581	2	427
3118	5	1340
3259	6	1906
59	0	2010
389	0	3424
3821	5	1608
2059	4	531
2285	5	2284
3709	5	3710
433	4	410
4276	3	4275
1154	6	1138
3381	5	3380
2343	0	889
1941	4	4119
136	5	110
206	5	2152
1067	5	3749
392	4	1657
3633	5	3634
3652	0	1709
3443	5	544
148	0	873
424	6	916
1860	4	2773
287	6	26
3577	4	2801
447	4	473
2117	5	503
3067	5	2613
1255	4	431
2184	5	2184
2625	6	4042
1543	5	1544
1772	5	1111
2631	4	3056
2553	5	2800
1020	5	4001
1380	6	133
3550	5	337
3358	4	419
525	5	2347
3054	4	2320
2600	6	325
318	4	1411
1584	4	121
1293	4	934
2751	4	3176
278	6	3743
1872	4	561
1717	0	369
2062	5	3883
2363	2	2362
1016	5	971
1154	5	1629
1179	5	134
1090	5	2148
681	4	3401
621	4	1550
1988	4	2121
3413	5	688
3162	2	3163
1446	0	1447
2498	3	2496
800	4	2438
3539	5	1555
1954	4	3196
2094	0	4080
841	5	3660
1879	0	2061
3759	3	3718
2526	5	2525
1956	4	3464
3785	3	3718
3649	5	2307
2158	5	1052
3937	5	4038
1956	3	1955
2315	5	3944
149	0	874
2597	4	2990
606	5	605
634	5	633
144	4	3227
889	6	905
2335	0	2789
3620	4	1413
2554	5	2555
3597	0	1629
484	5	3586
291	5	292
176	3	1805
889	6	891
2549	5	1217
2158	5	3490
4231	5	2137
557	2	556
483	4	1077
344	0	1737
3899	6	1155
613	5	3872
2987	5	3392
1588	5	1589
3428	5	2321
1854	5	1852
3890	5	3889
1203	5	2923
4161	5	1390
3068	5	509
821	5	1877
2814	5	2850
3848	3	2121
3441	2	3440
1815	5	1752
631	0	1229
1222	6	3719
1878	4	644
453	3	451
3101	4	2466
366	5	4149
2835	0	3501
1737	5	4128
1495	5	1494
3128	6	2648
2980	5	1395
1020	6	549
3431	3	3414
2565	0	2008
1508	0	1457
2688	6	3037
648	4	1177
1793	4	2773
2038	5	4071
2461	6	212
4060	0	2997
885	5	2613
3382	5	4123
259	4	3200
2062	5	3600
3872	5	934
870	5	869
2808	4	56
4162	3	4161
476	4	3362
2201	5	2200
515	2	514
1833	5	294
584	4	2466
1383	5	4069
857	6	685
2275	3	2274
3764	6	363
2059	5	530
2424	5	141
652	5	2849
1344	5	4067
273	5	78
1498	4	2870
0	4	2523
427	4	1172
3006	4	2522
2940	3	2941
858	6	1369
1434	0	4066
733	0	3734
320	5	3559
4008	5	519
2114	4	2339
2700	5	2702
1695	5	2974
168	5	4197
360	5	2320
1878	5	1012
460	5	1239
1838	5	4007
1709	0	2239
3229	3	3134
1629	5	1686
4071	4	3984
2105	0	1139
2280	2	2279
2319	5	2990
3798	6	4174
2944	0	2939
3884	6	2895
222	3	4188
2610	6	3165
1492	3	3744
878	5	944
77	5	4159
2082	4	3984
1325	5	2650
2537	4	296
2196	4	3441
1256	2	1255
3937	5	3287
3199	5	3581
3741	0	1226
2027	0	2009
1283	5	1283
4126	5	4092
3668	5	805
3017	2	3016
4143	4	3611
4173	0	3096
1435	4	1327
229	5	140
17	5	2710
4206	4	3797
3062	5	158
3126	6	2858
3024	5	3025
2618	2	441
1219	5	2355
216	5	2172
1733	5	3584
1546	4	1311
3370	3	2985
1753	3	1209
4276	4	561
2674	5	973
711	4	3148
3024	5	2592
1137	2	1784
387	5	2438
3141	3	1009
1870	0	3351
2677	5	135
1945	3	1944
30	6	23
1476	5	3724
1790	0	1101
1736	6	2139
3893	0	4222
4084	5	1430
2528	6	2198
94	4	2143
1592	3	2195
1178	5	3157
23	6	30
141	4	2210
1525	5	2875
3867	0	3473
504	2	445
229	4	140
2473	3	1705
2548	5	2870
1604	5	4128
2482	2	2481
4058	5	254
414	5	415
1881	4	4173
2559	2	3422
3356	5	2589
3339	5	3340
1127	4	1317
3072	6	1135
1607	4	3802
3909	5	3917
759	6	3698
1704	5	2251
3429	5	1433
1448	5	531
1873	5	2106
2848	5	3797
2650	5	934
2135	0	3384
2475	0	3846
4265	5	2085
615	2	613
4064	4	3262
451	3	450
4284	5	4284
1514	5	1457
271	3	270
1273	4	2121
3987	4	2440
3549	4	2517
1592	3	1591
502	5	36
1948	6	3412
43	5	3246
761	0	2598
121	4	3872
838	3	837
4173	0	451
1052	5	1014
205	6	1488
756	5	3234
670	5	580
3256	0	874
3404	5	4113
3767	5	3768
23	5	4008
1154	5	1199
2413	4	167
1004	5	1006
1077	5	1079
1695	5	3507
2058	5	2143
4237	5	3287
40	5	3858
3026	2	3024
3931	5	2731
2287	5	2875
121	5	3482
2626	6	1715
914	5	1166
1352	5	550
2290	5	2286
1027	3	1009
2967	5	2949
1015	3	1009
1784	5	2089
1975	4	693
1850	4	3414
3880	6	4266
1197	4	1766
636	4	1644
149	6	3256
155	4	1331
1772	4	1111
1680	4	3463
1239	3	1238
2887	6	2607
2631	5	2631
1230	3	1229
3149	5	837
3647	2	3646
1521	5	1517
1825	5	3380
44	3	8
1410	5	1530
3443	5	1550
3318	5	3751
30	5	1201
318	4	2340
1430	5	3897
1860	4	2980
4145	5	4036
3949	5	2923
2338	5	466
1962	6	2034
1409	5	3287
3584	5	3686
1296	4	542
283	5	886
3106	4	3110
2025	0	3764
698	3	1805
3166	6	4284
1544	0	3726
915	4	3378
1737	5	4054
2097	3	1805
3810	6	1478
500	5	3392
2357	4	242
1348	5	1358
1197	5	1251
4219	4	531
887	5	1737
3069	5	830
3386	6	3126
2992	3	3744
1506	5	1457
2969	6	1967
2851	5	2852
1586	6	55
1381	5	3893
3517	4	3392
2116	5	3906
199	5	462
4152	4	3600
614	2	613
1386	2	3907
1483	3	1478
402	4	2152
303	5	3709
2162	5	1499
992	2	991
863	5	2050
1909	5	3167
768	5	771
3585	5	1203
3917	5	4232
2664	2	771
2485	0	519
2870	4	284
2013	4	2143
4260	3	4259
1448	5	4122
4284	0	1501
3653	5	2011
3652	5	2355
1105	5	1014
3134	5	1501
2327	4	2313
2193	4	2263
731	5	2709
3148	4	1361
2932	5	3187
1817	6	812
740	4	805
2901	5	283
2105	0	1337
2277	5	2277
1070	3	1069
2401	4	4211
2213	5	3872
1295	5	3581
3383	5	3380
2682	4	3600
1314	0	1223
2100	2	2098
2398	6	3209
804	5	1261
494	4	2258
3804	3	2195
17	5	3261
4246	5	4248
1601	5	4117
1439	5	160
1644	5	441
0	5	4007
1866	5	4123
3552	5	3554
951	4	4010
1841	4	3401
2620	5	1863
2306	5	4214
172	0	3504
1230	2	1229
804	5	3353
2857	2	2856
2610	0	1349
2791	4	1141
667	6	1447
4041	3	4038
2941	5	2731
1297	5	4282
3642	5	1973
2803	4	4119
995	5	2613
3830	5	771
2656	5	550
3743	0	1261
3231	3	3138
31	5	4138
3081	5	3082
1430	0	181
3486	5	3485
3237	4	3400
3749	0	1349
548	4	2013
2659	5	2970
2042	4	872
3524	5	3525
407	5	2149
468	0	277
3178	3	2235
2308	5	3473
733	5	3096
4024	5	1059
854	4	2632
2887	5	4069
3044	4	3181
609	0	1594
358	5	1487
704	3	707
2759	3	2228
3006	4	3503
2727	4	3428
4143	4	1319
268	4	3872
330	0	3057
4020	5	546
3803	6	26
1986	2	1985
1193	4	3600
2447	5	2446
3460	5	3139
3224	6	34
2346	5	4094
3434	4	1405
782	4	3194
4105	6	1114
1689	0	1608
3086	2	3085
1070	5	1069
2677	5	3882
822	5	820
2560	4	1383
449	2	445
3208	5	4231
108	5	1386
1501	5	4094
4269	5	4267
1274	3	1273
2729	5	2728
83	4	1317
4075	5	4122
2187	5	160
771	5	2121
2666	5	2365
1196	5	1188
2662	4	885
860	4	3401
2621	4	121
757	4	2825
1522	5	1457
1309	5	2355
2697	5	3247
181	0	1430
3510	5	3350
1740	6	1615
4299	2	4029
2487	3	2195
667	6	602
141	3	140
3504	5	2000
2161	5	2468
2688	6	3882
1830	5	584
357	4	3200
3382	6	2210
1912	5	944
1926	4	1644
316	3	3494
2029	5	1550
2223	4	3029
1804	6	2114
2484	5	2731
163	4	3304
1443	0	3460
754	5	755
910	6	363
1117	5	2648
615	3	613
1008	6	4265
68	5	3335
1061	5	1060
3900	0	2143
3663	4	596
764	0	2019
82	3	81
662	5	121
2581	3	427
3144	5	519
4046	3	4045
4185	5	3525
2448	5	2446
122	4	1975
3836	5	3835
3610	5	3609
628	6	361
1772	4	1464
578	5	3516
2875	5	714
1634	5	1608
496	3	495
500	4	3392
3421	5	1855
4091	5	1020
1295	5	1353
1570	5	1572
2260	5	3055
1278	5	1688
375	6	4034
1754	5	1492
1498	4	4174
475	2	3846
2987	4	2483
1434	4	3454
1836	5	1835
402	5	909
348	5	3949
3002	5	3003
2316	4	442
3786	0	3420
1233	6	1511
526	5	1156
498	5	192
3357	0	2125
150	5	3356
4023	5	2487
1357	4	1891
1461	6	1457
2953	5	3558
82	2	81
4185	5	296
4194	5	1585
290	5	2438
243	0	2253
2076	5	2528
341	4	3906
3581	4	3380
3386	5	2240
596	5	3101
1607	5	3802
1500	5	1974
586	5	588
739	0	738
3213	5	3223
1895	5	3428
1618	5	3299
898	5	2483
2908	5	2909
3295	0	3296
2386	3	2385
4001	6	1014
3147	5	3724
2775	6	2518
3197	6	3198
2286	0	35
3781	4	3380
898	6	199
3057	5	2198
1374	5	1226
1250	0	1206
3902	5	3151
41	2	40
1268	5	338
1828	5	1828
444	4	2467
3873	6	1708
3416	3	3744
2221	5	3588
1130	6	2244
3858	5	39
2231	5	2024
3306	5	394
2397	4	2505
233	4	935
795	5	2423
2348	0	2349
1613	2	743
2154	0	3436
2142	5	2141
813	5	618
905	5	3523
1314	5	4231
362	3	3242
2322	5	2775
3718	5	3473
2234	4	3490
1220	5	3810
3393	6	2825
1435	6	3240
2377	4	160
4232	6	3917
3482	3	1208
112	5	151
2499	6	1910
3115	4	898
3810	6	844
531	6	3883
3507	5	3883
1021	2	1009
1142	4	1147
1882	4	3371
2860	0	2416
1819	5	1121
99	4	3314
719	5	718
517	6	363
3893	6	1381
3438	4	2980
3969	5	3225
511	6	3173
1755	4	2203
3782	5	3205
2918	4	3588
1410	4	4122
1323	2	4117
3968	4	531
3528	2	3526
2250	4	3428
2026	6	202
885	0	1296
6	5	4
3191	6	2173
2962	4	3363
1722	5	3867
3302	5	3300
3236	5	1268
1038	6	337
2205	5	3401
2399	5	2398
2743	4	4173
2123	6	544
2860	0	3138
2831	0	2829
905	5	1135
3659	5	1877
3399	5	1549
1195	0	3448
1219	0	1590
183	6	1615
298	5	297
1180	5	3401
1016	2	1009
113	4	3380
3578	5	2858
1465	5	1210
2445	5	2444
1323	5	4117
1970	4	2105
2010	4	3473
2695	5	1206
928	5	1035
3327	4	3600
894	5	3989
4071	5	1295
416	5	967
6	5	3219
2154	5	1395
188	6	454
3779	0	2977
1431	0	3756
1213	4	12
1321	5	2731
4084	5	2355
3555	5	1376
2267	6	1024
3899	6	903
2981	5	2324
2009	0	2027
1297	5	2355
3560	0	314
3217	4	3478
1446	5	1607
491	5	1550
3445	5	3447
628	5	2320
2679	5	2680
1587	5	32
511	5	3096
2169	5	3246
3762	6	2049
2712	6	3561
1395	5	2648
1816	4	1077
364	5	2923
2250	4	1523
2040	5	2039
1969	5	1388
2861	5	147
1636	6	2738
874	0	149
822	5	2901
358	5	359
1271	4	2438
2953	5	1222
20	5	376
3908	3	3857
7	4	3600
3231	5	3138
3420	0	3786
1301	5	465
48	6	4197
570	4	894
3883	6	304
0	5	3615
2582	5	2651
2674	5	2675
234	5	140
1773	4	2888
291	4	163
163	4	2405
3382	2	4123
3754	0	1367
34	0	4226
2594	0	207
13	5	849
231	5	4107
4173	6	484
2558	4	935
3236	5	338
2522	3	3126
1549	5	3399
751	5	753
1462	6	2648
4245	5	1206
1694	5	1694
192	2	1309
601	5	1520
1229	3	2195
1692	6	2930
588	5	586
2240	6	1608
2178	4	472
3718	6	1737
355	3	2235
3082	5	3081
4104	3	4105
2195	5	1241
86	4	1464
1612	5	2105
1261	0	3743
1299	5	2679
3845	5	4108
773	0	1602
1001	5	3278
34	0	545
2258	5	199
2121	4	3392
877	4	3044
2815	5	4192
881	5	884
2517	2	4123
3559	5	810
4229	5	3872
4224	5	3517
3796	3	3788
4171	5	3378
23	0	4215
409	6	1576
964	0	1095
2877	5	3606
459	5	4216
1631	4	3611
1969	5	1375
4174	5	1166
2240	5	2338
537	3	536
3357	4	2172
3212	5	3108
816	4	3401
568	4	2060
3341	6	3346
712	4	2438
1241	3	2195
3827	3	2195
1123	6	1421
619	4	3371
3642	5	2449
497	6	4130
1166	6	3321
3406	4	3867
2847	0	667
4140	3	421
934	5	4062
1280	5	1201
350	5	3292
1367	3	2980
3398	5	3397
3209	5	2172
3023	5	3022
3815	6	3810
2116	4	3797
3558	5	218
287	4	3096
1498	4	1322
478	4	3401
3480	3	3479
1009	5	59
164	5	166
255	5	3085
243	2	168
684	5	175
2433	5	3044
1197	5	3600
3465	5	3802
1680	5	1681
2232	6	943
2374	4	3380
213	5	499
1605	5	1606
805	5	740
1191	3	3742
2218	4	3392
3501	5	3501
393	4	394
4003	5	2970
2993	6	497
1589	5	1588
4186	5	2050
2862	5	3252
2677	6	511
552	5	2208
953	6	2854
1163	3	1705
2517	4	4123
2610	0	3597
1999	6	1037
3223	6	393
1337	6	1398
3112	3	3110
4127	0	4128
965	3	3371
3713	5	398
148	4	3900
491	5	489
683	4	3200
2872	0	110
1686	5	790
3794	3	1657
1521	3	1516
3380	5	1995
993	5	3134
3866	5	2320
2741	4	1307
3076	5	3388
2815	5	1478
3252	0	2862
325	5	886
1644	5	4045
1433	6	3067
1224	3	1222
889	0	2343
3963	0	1635
596	5	2743
306	5	104
1996	5	3458
1117	4	2648
1252	5	1261
3345	4	1295
1139	5	1195
1383	6	3162
3843	2	3842
3105	5	4102
239	5	3037
116	5	116
3055	5	1166
2170	5	2170
507	5	3505
1965	5	3900
2154	0	1707
3501	5	1430
3191	6	2035
3072	6	3749
2099	2	2098
2830	4	2105
1617	2	1665
450	5	4094
518	0	3172
1866	5	2220
1695	5	1063
3435	4	2422
824	5	2436
2151	4	1156
3847	2	3846
2109	4	3693
685	2	684
1088	5	969
572	4	3371
1337	0	1177
2845	4	580
1301	6	1195
336	5	4108
124	5	123
1067	5	3072
3044	5	1862
2140	4	1691
1851	3	3414
2078	5	2870
3062	5	2589
3109	4	3516
3377	0	2988
1194	5	23
4090	5	3170
3126	6	3118
977	5	1756
2952	5	3439
1545	3	1544
4252	4	1376
1851	2	3414
2660	3	1582
4047	4	1819
1186	6	1192
4094	5	537
2247	0	2153
654	4	3392
2069	4	1413
652	5	201
1552	4	1228
3406	5	3867
824	5	3707
531	6	1758
2398	5	1855
2358	4	1404
4268	4	2592
1505	4	2747
1977	6	1981
935	5	2321
2943	5	1494
253	5	252
1487	5	1763
331	5	4040
3740	3	3718
1089	5	4094
1480	6	1481
574	4	999
1227	0	3645
1154	6	1138
2677	5	1528
503	5	2117
2443	5	4173
1529	0	4058
1476	5	427
290	4	2438
3069	5	2591
370	2	369
327	4	2901
3208	5	1530
732	3	849
2860	4	76
1711	5	2500
3680	5	2457
2499	6	2414
1915	6	4122
2609	4	1479
248	0	2725
1216	5	4236
555	5	3475
3323	4	1741
325	6	886
1163	5	3139
213	5	3613
775	5	4173
21	6	2528
4008	6	254
2965	5	804
1775	5	1774
3338	5	2056
1422	5	4026
2604	5	3758
3282	0	2939
717	6	1666
1862	4	3378
417	5	2077
2322	5	2321
1278	5	3241
3781	4	1182
4270	4	123
2533	5	2190
4025	0	3951
3297	5	862
1924	4	2313
2848	5	1754
3820	4	3600
1316	0	3287
425	5	3767
2994	0	4088
2475	0	3846
2687	5	2123
3907	5	3448
2569	0	133
1117	5	864
2698	5	2697
2789	4	2335
941	5	942
3678	4	3392
2286	5	2290
3072	6	1067
1554	5	2291
20	4	1109
3024	5	2200
4212	4	2764
1131	4	1457
3451	5	891
1121	5	2507
3134	5	4231
458	3	3744
438	5	2355
3122	0	4143
2767	5	2454
3461	4	2983
2646	0	3775
1544	0	1229
3162	5	1014
2400	4	101
4105	2	2157
2285	6	1268
575	5	1882
1069	0	451
2358	5	4181
722	4	1975
716	5	1214
3813	5	4043
2095	5	2011
1677	3	3583
3679	5	3678
918	5	917
3015	2	3014
3162	6	283
2826	4	4123
32	2	8
3828	5	1368
2651	0	1338
910	6	3808
2675	5	894
3819	3	4236
2250	4	2915
4283	5	4282
4165	4	427
1954	3	3196
628	0	3653
4220	4	3383
2260	5	4029
136	5	2951
687	3	686
3338	5	3526
2265	5	1487
3090	4	3379
4130	6	468
2745	5	2744
4042	3	4038
2841	5	2691
3335	5	3133
2637	2	2636
39	5	35
2376	5	3482
3119	4	2832
3111	3	1705
3817	3	3718
2847	0	2524
1582	4	1293
301	5	3556
605	5	3392
3302	6	3303
1922	4	2973
1100	3	3334
1174	4	3567
2950	6	3894
1855	6	1856
556	4	3167
2210	4	3382
2296	4	2805
1505	5	1255
23	3	8
1032	6	3311
1871	4	1417
907	0	1482
2153	0	2247
4075	6	2378
3502	5	3501
3347	5	3645
1531	2	1527
3546	3	3682
1222	5	3938
653	5	954
3126	6	2593
1511	5	1233
62	5	944
1514	4	1457
411	5	2218
992	5	3825
3736	0	1015
3953	4	3887
1409	6	3288
2069	3	2061
1033	3	1009
9	4	3780
3524	5	3525
1321	6	1325
4284	4	2052
1696	5	1695
4118	5	3526
1106	6	1944
2359	4	3004
333	2	332
1805	6	2291
1078	5	1079
1554	4	2291
587	4	586
2358	5	1404
3667	5	3665
1332	6	3095
3005	4	4137
1859	3	1805
3539	5	2355
3083	5	2731
365	5	2868
2767	5	2765
1535	5	1534
3647	3	3646
2563	5	3923
3209	5	3227
1253	0	4257
140	0	2545
4015	6	4014
2959	6	1370
4257	5	1254
1501	0	4284
19	5	4069
2213	4	2313
1219	3	2355
1867	5	1867
1936	4	441
49	2	48
2956	3	313
1889	5	1889
3343	5	259
1381	5	1052
2295	5	2294
906	5	3371
83	5	1048
1465	5	1464
3101	0	3164
1197	5	2107
1077	5	1079
1234	4	1376
3552	5	4056
723	5	3482
1219	5	4069
240	2	241
597	5	1322
2442	4	2405
2676	3	2675
1824	5	894
48	5	1530
3190	4	3550
3424	0	389
628	6	3750
3848	2	3846
3603	5	3558
1840	3	1805
1281	4	3423
2512	5	2514
3637	5	3636
1978	5	1980
1301	5	503
1456	4	1741
1268	5	3236
3117	5	3508
3025	5	776
1304	5	1929
1706	4	2801
3501	0	2835
2240	5	2805
934	5	1012
3239	3	3238
2268	5	771
2562	5	570
2946	5	1238
885	6	2507
2805	6	3416
2539	4	1457
721	4	3392
275	5	2161
1049	3	1048
1409	5	3727
824	5	771
2837	4	3008
1429	6	759
3809	3	3925
3802	0	472
3478	4	3428
2198	6	2166
2087	6	4123
2122	5	3169
3154	4	3208
3898	3	3857
2216	5	1156
1369	6	1957
3484	5	3483
1045	6	3357
3613	6	2399
2394	3	1805
3365	5	4231
1560	5	1559
952	5	3802
2284	0	4290
4165	4	1172
1196	5	1188
350	5	349
1030	6	2606
4285	5	531
2489	0	528
2173	5	832
1330	0	1229
3681	4	2467
3461	5	3176
1402	4	2357
330	0	4235
601	5	934
675	4	1166
1327	5	1255
1365	4	1550
3886	5	2311
316	0	3494
3626	4	600
4201	4	2370
286	5	3925
2442	3	2440
3718	4	2523
2194	5	2193
4128	0	4127
1894	4	1076
3134	5	1014
1825	5	1826
1445	4	3371
3066	5	1861
2840	5	2691
484	5	4173
1720	5	1719
1349	6	2904
1105	5	1052
588	5	590
2723	0	1722
3162	5	1322
1515	4	3222
1337	4	1461
2659	6	2805
3286	5	3285
3883	5	1014
873	4	1526
3415	4	3581
3772	0	4042
3411	5	2994
1445	2	3371
1660	5	4125
1645	5	1644
2425	5	1527
3751	5	3749
1570	0	2873
416	5	867
98	5	1211
1786	5	1785
484	6	532
1761	0	1998
1645	0	580
1261	2	1260
3180	5	1340
777	5	4007
2070	5	2747
69	5	1415
1677	3	1673
3757	5	1464
2712	0	110
95	4	2517
3070	5	3151
2764	5	3729
1020	6	1204
321	3	320
3319	5	3938
282	5	934
1381	5	1052
34	6	165
2922	4	2117
1656	5	1404
4058	5	4175
4097	5	2591
955	0	3735
2629	4	2801
3812	3	1913
3050	5	3049
4035	3	4034
4125	6	1989
2970	5	1363
1879	4	3972
1084	0	955
1501	0	667
4265	5	142
713	4	3401
4237	4	2235
3053	5	1293
1856	0	4057
3071	4	3392
1694	6	3996
936	6	278
2722	5	160
2412	5	2413
4240	5	849
2318	4	1076
1931	4	2031
3133	4	619
2600	4	4096
2873	6	891
3100	4	1402
1047	5	999
1553	4	1219
2086	6	193
1889	3	1805
2414	5	2773
2031	5	2650
1206	0	1756
3034	5	2468
512	4	3199
2731	5	3867
2280	5	2279
653	5	656
3423	5	2215
1429	5	1429
2066	2	1413
3186	4	2057
1322	6	3096
3037	5	239
2704	0	3335
1693	5	1117
1470	6	1128
1956	4	1952
451	4	48
2988	6	2626
3873	0	2154
2490	5	194
3234	6	756
531	5	4231
3148	6	3135
4043	5	1462
3671	4	1327
4259	5	4258
1711	5	3981
3068	5	2172
1987	5	1988
3025	4	768
3972	5	1206
1361	4	2517
3065	5	2143
3200	5	3490
1487	5	2731
1965	5	4076
251	0	2724
3096	5	1322
2106	5	525
1253	6	2473
1501	5	1634
1733	5	3376
3582	6	3285
3428	0	1337
1456	5	4193
613	5	2050
105	5	3615
2263	5	3687
2764	5	1322
1160	2	1301
3475	5	4096
2055	6	2657
3467	3	2085
3549	4	3984
392	5	1956
1623	4	160
4096	5	2152
1166	6	382
2265	5	692
4053	5	3551
561	5	2148
2006	4	2648
1762	0	4272
2200	4	3392
531	0	3066
798	5	3770
908	5	2152
3232	5	1661
109	4	291
408	5	3415
3728	3	465
974	3	421
2290	0	2594
931	5	2378
3811	3	3943
672	2	2348
2906	5	2907
759	6	2347
74	3	743
1372	4	1520
2574	5	654
2719	4	3706
1416	2	1415
2673	0	891
4140	0	1412
1321	3	3372
2570	2	2571
96	5	1746
2268	4	1194
3809	6	3763
3773	3	3718
603	5	602
348	5	3875
2204	4	3292
3144	5	3300
2167	6	1163
1792	5	692
1915	5	480
3162	5	2105
2266	5	1117
1574	5	1326
1430	5	1431
857	5	684
444	5	4238
1184	5	1197
4063	4	3693
1748	4	3335
4089	3	4089
1914	5	3381
1964	0	3809
4292	6	1444
3365	5	3367
2777	0	2143
866	0	1251
2000	0	891
53	5	3867
1516	2	1309
1349	0	3751
2081	5	4173
3802	6	1607
1464	4	632
1615	5	496
2342	4	2551
742	4	1975
1060	5	1061
315	5	314
3841	5	624
2147	5	2597
1090	4	561
1379	5	3139
3416	5	3126
421	5	849
2029	4	1550
3047	5	3046
3775	3	2646
583	5	4067
446	6	4002
2376	4	690
291	5	292
3344	5	3422
3577	4	2830
2659	5	1195
401	6	3180
3985	5	3148
2887	5	2731
2951	5	72
3715	6	454
3353	5	4123
2829	0	2831
2275	5	2274
3150	2	3149
1997	6	2305
3957	4	2980
3149	4	3378
1611	5	4058
1991	5	1990
4238	4	2071
2645	3	1805
998	5	2355
2456	5	1464
3816	3	3718
1106	2	1105
3925	0	3809
4072	5	2805
1394	6	3872
2168	4	1771
1407	5	3715
3139	0	2398
2921	5	313
2401	4	2052
3889	5	3891
416	5	1763
1197	4	3101
1611	2	1524
2652	5	1974
2056	5	1117
3879	5	531
190	3	1470
1167	5	1016
2662	5	885
2454	4	2210
258	5	168
361	5	4056
2184	5	2184
544	5	1301
3845	5	3357
416	5	2329
3431	4	3414
573	5	4068
1903	3	1902
1992	6	496
2623	5	1326
22	3	1121
2796	5	4001
2468	5	3464
3647	3	1293
867	5	1369
2397	4	2870
3925	5	1530
840	6	459
1559	4	2161
1312	5	3134
4173	6	3418
2869	3	2868
4231	5	3166
2663	5	771
3113	4	3392
432	0	3131
857	0	2648
3057	5	1008
4090	6	1308
710	2	709
2310	5	2309
3866	5	3870
733	5	3802
2321	5	539
154	5	3716
3131	5	3516
3176	5	3177
1507	3	2195
1048	4	2370
4085	3	4084
2064	3	2063
372	0	1575
3382	6	2210
3719	0	27
3691	5	3691
3343	4	637
2087	5	4056
1967	6	2969
4090	4	530
1198	5	670
3214	4	934
3162	5	375
2225	5	2859
3428	5	2320
450	2	445
3427	4	3038
3983	5	3417
653	0	1345
1112	5	1113
2069	2	1413
2369	4	736
1683	6	3904
2308	5	85
1232	5	2993
1752	4	3555
279	5	4243
1809	5	3558
4214	4	2052
591	3	586
306	5	2161
2035	6	3191
2611	4	2354
2947	5	56
1486	6	3729
1791	5	1490
2701	5	2700
3745	5	3745
3543	4	3392
1779	5	1338
1127	5	1199
840	5	338
1954	2	3196
3149	5	4114
2799	4	2370
1260	0	3742
2989	4	2825
3902	5	3448
2453	0	161
3847	4	1166
508	0	3416
3038	4	3309
3984	5	1192
2631	5	2630
2678	5	3759
2595	5	4001
2216	0	2215
3377	6	3259
3029	2	3028
230	5	3475
2074	4	2071
1163	6	3139
2279	4	3392
1929	5	2355
3483	5	4108
3483	5	3484
224	5	225
2	0	1
1150	5	3243
2472	5	2470
1917	6	321
1240	4	768
3226	4	776
1438	4	604
1726	4	3428
3985	5	55
1003	4	561
4184	4	3392
2050	0	3227
1678	6	201
1250	4	3004
3636	5	3635
2312	5	4262
2523	4	2210
2648	0	684
2607	4	1506
3060	5	4007
497	4	2423
3272	0	4025
3406	4	3382
1985	4	2152
1673	6	3788
2942	5	1645
1025	3	421
1301	6	544
3638	5	26
476	4	2152
4035	4	1532
3025	5	3024
608	5	607
2211	3	2210
2970	5	531
3948	5	65
2806	2	2805
2610	3	2195
451	6	1756
3798	3	3788
229	6	3085
2909	5	2648
2137	5	3738
939	5	938
3269	5	338
1879	4	1124
2995	4	1204
3713	2	2135
3701	4	872
879	5	999
3385	5	3384
2605	4	600
170	5	3176
2435	5	2436
1797	5	1794
2992	5	2050
511	6	45
583	5	1789
1117	5	3382
3797	5	2868
4250	3	421
1407	5	2518
2543	5	2544
3854	4	1485
731	4	1881
2534	5	2535
2696	4	3126
365	5	805
94	5	798
889	6	2287
2680	5	2679
1970	5	3153
1365	5	1503
532	5	2230
730	4	562
384	4	2176
3885	5	759
1629	6	1478
1668	0	1669
2512	5	2513
2237	4	2370
2930	5	1692
4090	6	3170
3816	3	4124
2938	0	2936
688	5	4120
1859	3	1858
3610	4	3828
1296	0	885
1003	5	2654
2565	3	2563
3313	4	999
2478	5	917
1123	6	1803
2741	4	3362
245	5	3460
2397	3	2870
3658	5	1983
2165	6	1041
3310	6	3491
2301	5	1239
895	5	4088
2560	5	1385
3582	4	296
177	5	178
4152	2	4151
921	5	771
3139	6	3451
731	5	1219
1231	5	1232
1343	4	2107
1568	5	2052
3879	5	966
2062	5	4067
1813	2	1812
3821	5	3125
750	5	2940
1613	6	74
1414	4	1375
1558	4	3265
889	6	2904
1476	0	1684
1448	5	2161
1598	6	1346
2542	4	694
4102	0	3726
1629	5	1021
3447	5	3446
936	0	1501
1965	3	1964
2242	4	2848
147	5	3380
1471	4	3392
3264	5	3263
180	6	3881
1634	5	1309
3399	4	2731
2522	4	3503
4042	6	3288
2662	4	3622
1274	5	1273
1665	5	1665
3139	5	3232
1521	5	4094
3504	5	894
2204	4	3401
3974	5	3558
4076	5	4075
727	4	1975
21	5	628
900	6	47
3675	4	160
2709	5	2710
3805	4	694
1689	0	1608
1922	5	2973
4094	6	2858
537	3	4094
3926	5	2750
1472	2	1471
2038	4	4071
2605	5	3151
2067	4	3697
167	5	2825
4257	3	193
32	5	1012
2710	5	2355
2468	5	3996
4072	2	441
1163	0	1107
1634	6	1501
1444	6	4292
977	0	3562
1056	4	691
1369	5	2354
965	0	1053
2278	4	1769
1402	0	1055
8	5	4223
2492	5	531
3742	3	1260
1023	6	1007
1494	4	2121
2126	0	2092
2946	4	441
3784	6	3755
824	5	1473
545	5	4235
3965	5	3964
2374	5	2614
1222	5	1313
4222	4	4175
1696	5	2731
2767	5	4136
1069	5	2161
2128	5	2127
1649	5	1650
2377	5	160
409	4	1175
3082	4	3811
4173	6	3490
4268	5	2592
209	2	168
3018	5	2731
3822	5	3401
1881	4	3522
2157	5	1492
4222	5	1259
3356	4	1053
528	0	2489
4210	5	737
1100	5	3344
2120	5	776
148	5	149
2285	5	1268
248	0	2725
4152	5	4151
3780	5	2988
628	5	2531
784	4	1462
2766	4	1464
1908	5	1220
141	4	1381
721	4	2203
3772	3	3718
3045	4	3378
4091	6	1401
653	6	1264
2211	4	4124
2121	6	1012
4112	3	4109
3578	0	1509
2468	5	2087
3199	5	512
505	5	638
2568	3	2563
1119	5	1382
1899	3	1897
405	5	404
743	3	743
3162	5	2524
376	3	398
168	0	344
3871	5	886
2610	6	413
1448	4	1429
942	5	941
1608	6	1170
2319	5	525
484	5	4136
2086	5	3645
1053	5	464
3517	6	3013
3490	5	3492
2741	5	1267
1079	3	1805
3607	5	3607
759	6	2337
1299	3	1298
578	4	3516
4220	6	893
3491	3	1805
571	5	2518
531	5	2355
965	3	954
1991	5	529
1301	5	2970
3161	2	3160
151	5	934
3214	5	692
1713	5	1713
1490	5	525
1890	4	2340
2346	3	3414
101	4	3206
1938	5	1389
295	4	1075
50	6	992
3630	5	3629
4173	5	4174
1210	5	4124
3314	4	2149
2347	5	519
2200	4	2121
2675	5	2870
1693	5	344
1976	0	1759
815	5	3854
147	3	2861
1311	0	3748
795	5	796
2659	6	3416
2259	5	1376
3368	4	1300
2229	5	383
2656	0	2034
1915	5	4285
2413	4	1309
110	5	110
2600	6	4096
1462	5	886
3945	6	4002
1149	4	2731
3666	5	3229
1965	5	3925
4058	6	1542
1302	6	4075
1432	6	1339
3772	2	2485
2234	5	3293
67	4	1327
3254	2	3253
1564	4	3362
148	5	3900
891	5	3814
3074	5	481
1943	5	1942
3170	6	3434
4147	3	4146
151	5	692
3012	5	411
1429	6	2347
2481	5	3380
2865	5	2864
819	3	818
1641	5	2236
2243	5	3517
1552	4	2355
3494	0	316
611	4	1550
4248	5	4247
386	5	1201
3876	3	3857
1776	5	1775
2815	5	2816
596	5	1303
2589	5	158
3642	6	772
168	5	2563
3619	3	1805
2900	4	92
2468	5	2977
3261	5	2594
2556	5	2916
3104	6	1460
409	4	1110
150	5	3356
171	4	798
3827	5	1304
4290	0	936
48	6	4002
2086	5	3347
816	4	1550
2454	5	4173
1405	4	3378
3736	0	1015
1613	5	3790
2659	5	542
2520	5	1126
2161	6	817
3336	5	3337
1134	6	2284
551	5	1338
1668	0	1669
330	6	1082
24	6	2717
3081	0	2254
4089	5	4054
4162	2	4161
3891	5	3889
2610	6	2493
968	5	1787
2618	5	2617
2391	3	561
3784	6	1316
1456	4	3200
1610	3	344
3956	5	3828
2811	4	4173
3987	5	2440
733	3	1913
2848	6	2675
15	5	2496
2288	4	3401
2216	5	1669
2695	5	4094
4133	5	1485
4204	2	3173
3626	5	3625
3378	5	2106
2494	6	1446
3254	2	2882
4030	2	3693
1225	3	1222
328	6	1043
3467	4	2085
1548	5	1117
2229	4	759
936	5	2121
586	5	594
3579	6	602
3067	5	531
890	6	1796
1844	4	1956
2662	4	2507
8	5	4088
1970	5	1404
2545	5	1026
2405	5	2518
505	5	1012
553	4	3371
277	0	2993
3939	5	471
1106	3	1105
653	0	3401
4139	5	4088
452	5	3726
3786	0	3420
198	3	168
3401	5	2659
3638	5	3952
2355	4	1647
3651	3	1552
193	5	3197
3465	5	898
4026	4	1402
2231	5	2796
1221	4	3241
2114	4	178
1903	4	1940
2826	6	2828
2453	5	2731
511	5	3882
862	0	3297
3382	5	3380
2167	3	2166
1125	2	3428
804	5	4094
2901	5	2468
886	5	3096
1227	0	2086
1293	5	2773
3348	5	283
3805	5	1181
3810	5	1781
1052	3	1009
2872	6	1239
3564	5	3962
3796	4	2357
118	5	123
434	4	1077
853	5	1375
1349	0	3751
1695	5	2763
1659	5	2056
1664	5	1663
1906	6	4088
277	5	2355
147	4	1741
2961	5	3034
3104	6	1460
2478	5	297
3459	5	1168
3505	4	3380
3624	5	2511
3066	6	1339
2659	6	2923
527	4	3600
4174	5	4231
3751	0	2904
1083	5	1082
3436	5	1395
4038	6	3548
3890	3	1737
2734	3	2733
3947	3	3946
3214	5	3217
2659	5	3415
3524	4	1741
1104	4	2438
1223	3	1222
1755	4	1414
1208	5	3428
1006	5	283
2815	5	3096
1394	5	2731
413	0	2000
3325	4	3392
808	5	807
799	4	508
2184	5	2183
2473	5	3737
2904	6	1349
431	5	2227
375	0	1596
951	4	3383
3850	4	3851
1008	6	4265
3451	5	2524
8	5	2659
2872	6	1018
1159	5	1694
2284	5	2285
2288	4	3292
3866	6	3875
3769	5	2420
3739	0	1063
651	4	1057
4126	4	3526
1508	4	1337
2507	5	2219
2168	4	2467
925	5	1469
559	3	809
20	5	1110
4243	5	2988
3453	6	3246
1067	6	3072
3347	6	193
4142	6	3814
423	5	1877
62	3	8
2282	5	441
3805	5	934
3531	5	542
963	5	503
1169	5	2320
2283	5	4206
2508	3	832
1213	5	1212
3793	2	1644
2583	4	1767
872	4	3414
725	4	722
3475	5	3428
3240	6	1435
160	4	3516
1409	6	3288
1490	5	1490
2500	5	3939
3229	3	2195
1601	4	1995
2951	5	2953
3502	0	236
175	5	1394
4108	0	3802
94	5	2991
1123	6	905
1849	4	2407
3871	5	1684
834	5	3633
178	4	2517
2359	5	346
2348	4	2162
2334	5	2333
1738	4	466
2879	5	1293
4083	4	579
1761	0	1998
1544	5	4045
1369	6	4088
2118	4	3906
575	5	3872
2563	0	812
3426	5	2619
2233	5	2659
4102	0	452
2992	0	3802
3539	4	2649
3214	4	2566
548	4	2113
4174	6	4173
3655	5	3223
78	6	273
3800	5	2982
141	5	141
2075	5	2074
43	5	1110
407	5	2654
1570	5	1507
2005	0	2233
34	0	4226
1407	5	3562
2526	5	2525
303	5	3401
2697	4	2747
3090	5	3223
2974	5	3356
663	3	2396
1872	5	3072
1466	5	1141
428	5	2507
692	5	3505
944	5	3600
3061	5	293
721	4	1767
2199	5	1229
22	5	65
3384	4	1327
4077	5	259
2182	3	2195
2184	5	2183
1789	5	3867
1448	5	3919
539	5	3405
1552	5	3797
33	4	2456
494	5	493
2104	5	3109
2326	0	2411
2104	4	3516
3863	5	3864
583	5	3901
839	3	837
3112	2	3516
2062	4	3240
1245	5	971
3019	5	3020
1250	4	2378
485	0	1222
759	6	4002
1402	4	1201
2438	4	2085
3126	4	2152
3826	5	3323
116	5	3380
681	5	1218
199	5	3537
3096	5	3715
258	5	3718
2442	3	3414
562	5	2161
254	6	1376
1211	4	4123
1431	3	1430
1373	6	1374
1818	5	2405
4222	5	3831
357	2	4173
3126	4	2312
1232	5	1231
3366	5	3364
3014	0	3015
3347	5	2165
899	5	338
4265	4	1381
3813	3	4042
2647	5	3051
1835	4	296
1448	4	531
1861	0	4032
4046	2	4045
3489	5	2903
4228	5	1757
3384	6	3000
3388	4	1767
3652	6	2239
278	5	2322
1053	3	3744
650	5	3071
1990	0	1327
417	5	2355
1223	5	4231
4014	0	2499
4169	5	3961
2835	5	2836
3225	6	2059
1801	4	3379
2946	4	2747
1557	5	1558
4285	5	4001
232	4	2335
486	5	487
3721	0	48
3382	3	4123
4075	5	1964
3300	5	3302
1209	0	1753
536	0	3859
3546	4	3682
1630	5	1242
768	5	3380
834	4	3584
1517	3	1516
3513	5	3512
3494	3	3493
532	5	3828
277	5	278
1644	4	4045
4284	5	3166
785	5	1110
328	3	613
891	5	517
3065	4	2143
1691	5	1329
2727	5	519
3573	5	1301
344	0	887
2980	5	2648
1056	5	1375
1817	6	384
1067	0	1349
1012	5	3872
1476	5	2320
4008	4	3555
1076	5	1074
3252	0	3574
3651	3	3650
1963	5	61
2712	0	110
3985	5	1381
1705	5	1805
1399	0	853
348	2	1300
616	5	3246
1116	3	1115
121	4	693
3040	3	118
2969	6	1967
4074	4	118
416	5	1127
1476	5	4284
1833	5	840
1429	5	4038
2615	5	3926
2373	5	2371
1272	4	1550
597	5	531
1473	6	954
4100	5	4101
2526	3	2525
4237	5	519
0	4	2313
1394	6	1154
2649	4	2338
1261	5	1260
667	6	602
936	5	2322
3414	5	728
1154	5	3988
532	5	33
4229	5	2895
2396	5	663
3344	3	3342
3827	6	2656
1087	5	1086
3829	5	3829
3146	4	4093
3282	0	2944
2704	5	3562
2613	6	3096
4229	5	3004
1554	2	1552
3832	5	3772
2819	4	805
1323	6	4108
2507	5	1737
302	5	2143
328	2	613
2485	3	2195
2123	6	3716
1114	4	2908
2982	5	3199
3682	6	3428
3451	6	3139
173	5	1250
878	5	2667
1754	4	437
1988	5	1987
2227	4	1250
3525	5	4185
1878	5	1530
554	2	1309
397	4	3392
2588	4	121
1337	0	637
102	5	101
3844	5	3490
1531	3	3682
2209	5	886
1530	5	1756
3634	0	2002
260	4	193
33	0	2852
1467	5	3201
1737	5	4231
609	0	3595
1226	0	3741
395	4	410
1236	5	1237
1800	4	1233
657	4	1956
1171	4	2438
4215	0	23
589	5	587
1441	5	2888
4174	3	4173
4170	0	1153
1044	2	4029
3474	4	32
1234	5	1235
475	4	3846
1642	4	3004
3315	4	3101
2741	5	1307
1634	5	3292
1963	5	442
2230	5	2229
3781	4	3382
3654	4	4265
1942	4	1645
3135	5	2149
1322	5	1756
631	5	1529
1910	6	2499
2968	0	1802
2184	5	2185
2675	6	671
2608	0	3664
2137	6	3880
3765	0	2179
3528	3	3526
2169	5	3191
3324	5	3323
1187	4	3187
1830	4	2466
2670	0	2809
2881	5	122
1317	5	1474
659	5	466
3434	6	971
326	5	325
2073	5	3151
1737	6	3718
3149	5	1255
3677	4	3218
2736	3	2735
1937	5	1938
1289	5	1288
1669	0	1668
1474	5	1322
1197	5	1766
2189	5	1812
3940	5	3413
2357	4	416
1858	5	1859
1835	4	3392
2465	5	3811
3794	3	3788
1379	5	3615
68	5	1020
1173	4	1902
3829	5	4185
4096	6	1166
2507	5	3065
476	4	1414
2872	6	2019
556	4	1555
1604	5	2659
1462	5	4088
2263	5	4084
2017	5	2827
2762	4	759
3147	5	39
2333	5	2993
2708	4	2706
3300	6	3301
3453	5	3246
2901	5	3201
437	0	1223
966	6	345
2949	5	810
2375	4	121
2082	5	283
1567	2	1568
21	3	8
741	5	740
2881	4	1975
3066	5	3463
326	5	325
450	5	183
2122	5	2468
688	5	199
1515	4	3162
4120	0	3825
4122	6	1915
1124	4	691
1383	5	1295
3935	5	1707
1965	5	1992
3218	5	2355
296	5	295
1384	4	2052
771	6	654
245	6	3460
2697	4	1485
2950	5	2731
1139	6	2805
4213	4	3611
3710	5	3709
4067	6	3448
2334	5	1995
2875	5	199
3713	2	398
633	3	632
395	5	410
1996	5	3351
220	5	1457
3947	3	1913
1091	5	145
2507	6	885
1501	0	2524
1176	4	1233
892	4	2688
456	2	455
3111	5	3110
4237	2	4235
2736	3	1805
2967	5	4159
635	6	636
3590	5	3589
1377	0	1378
2614	5	2374
596	5	2743
2323	0	1443
1115	5	2688
421	4	894
1257	4	3379
1407	4	3898
268	5	279
2394	3	2393
1067	6	3749
2674	5	1319
1519	3	1516
1917	4	966
611	5	3325
3759	0	1567
339	5	2405
65	5	3901
3392	5	3573
2198	0	35
1824	5	3033
2704	5	2731
1359	5	2202
3636	5	3637
2901	2	613
2064	3	3151
1964	6	1302
2982	5	2731
723	4	1975
2106	0	1338
3274	5	3274
1624	5	2355
1399	4	1375
3311	5	3309
3815	4	3748
1291	5	1292
3356	4	3056
2487	5	4023
3870	5	44
2008	0	2565
3753	0	1366
4015	3	4014
3741	5	3721
11	5	3491
1553	4	2355
2426	5	1217
3716	5	3350
1599	5	2993
591	5	4181
2062	5	2747
1034	3	1033
3086	5	3087
724	5	3482
1846	5	1847
1105	4	1381
3536	5	3533
2797	5	4062
3335	0	2704
2529	5	1404
371	2	4145
33	5	2456
3524	5	3524
1818	5	3181
3285	4	3392
2710	5	2827
1304	5	2731
881	6	463
531	5	2659
891	6	1412
509	5	3068
730	5	1698
1965	6	4076
4018	5	2731
616	5	531
2278	0	3318
628	6	3155
430	4	1414
1097	4	3464
2978	5	454
63	5	62
2318	4	2990
839	2	837
1998	0	1761
2765	0	1467
3864	4	3926
39	5	40
1944	2	1944
141	5	141
2580	5	2557
1933	5	3102
3413	0	2134
1688	5	1638
1107	5	1389
1872	4	178
1891	5	3473
723	4	722
74	4	743
186	4	1052
4085	6	2563
2610	6	3865
2106	6	2322
2473	0	4257
1175	4	487
587	4	849
1045	6	201
4125	5	3261
947	5	1798
3227	5	3209
2779	5	2779
3768	5	3767
2295	5	1172
4172	5	4171
3378	4	531
3687	4	3392
3056	5	1741
3789	5	1530
3654	5	3507
3851	4	1030
1607	2	1579
3305	5	1451
1942	4	2467
4270	5	123
2487	0	4023
283	4	2648
1057	2	3463
2327	5	1924
23	5	898
2136	5	4175
4247	5	4246
1015	2	1009
2921	5	1735
3448	5	465
318	5	2589
1570	6	1507
3393	5	2827
202	5	2709
1365	4	3401
1105	4	1052
3521	5	2868
889	6	3819
3441	5	3440
2786	0	402
3856	5	2107
415	5	414
2473	0	4257
3360	5	1374
3294	5	3418
1710	5	1711
2091	6	1944
1113	4	3378
374	5	373
1395	5	2593
3318	5	996
1519	3	1820
393	5	3223
3146	4	2649
2092	6	3187
3889	5	522
4158	5	1338
438	6	3788
450	3	445
4061	6	3228
1157	5	1295
2075	5	2074
3034	5	3029
873	0	148
4289	3	4285
3666	5	3117
4295	6	3738
36	5	502
2726	5	3148
3876	2	3876
2518	3	2195
267	5	266
3699	5	3698
2451	5	3669
1560	5	1561
2898	5	2899
3749	5	1476
1123	3	1805
2228	4	3584
1868	4	600
3188	5	1261
1310	4	886
1416	5	1415
478	5	2189
3299	5	3298
532	4	33
1553	2	1552
1664	5	1664
588	5	2524
1772	4	1182
2687	6	4228
4166	5	1146
678	4	2102
2405	5	692
2245	6	1660
3889	3	3857
491	4	1550
520	5	3437
76	3	3744
4201	4	2407
149	5	3256
62	3	3744
2907	5	2906
3941	2	3414
1452	4	1654
1275	6	3141
259	4	2655
2069	0	2066
3140	5	48
2456	5	2454
3750	5	382
2156	5	3199
3131	0	119
3125	4	1294
2934	5	1363
3177	5	2106
1219	0	1590
3011	5	411
3950	2	3949
67	3	4196
1409	5	519
1946	5	2613
1630	5	3387
4038	5	1478
1129	6	2855
4262	5	4264
3869	3	3857
4174	5	996
4161	6	3188
1655	0	1350
1861	6	4108
1096	6	2806
358	3	344
1002	5	1001
456	3	455
1544	5	3724
1009	6	1805
2804	5	1195
3999	5	4000
625	4	2617
604	5	3373
1436	4	1376
2724	0	251
3298	4	4136
3826	4	1741
2086	6	4266
3934	5	3935
654	5	769
3652	6	4232
360	2	358
1211	5	3803
3025	5	3026
3155	5	3156
2711	5	4287
2204	4	1550
1312	6	3046
2106	3	2105
3609	4	2980
2980	0	3166
4028	5	1261
3849	5	3850
2205	5	3573
3911	6	786
3693	4	1166
505	5	1686
628	0	3871
3606	5	934
1754	5	199
3120	4	1644
1167	0	2974
407	5	1973
1933	3	2195
2944	5	2731
2668	0	2667
4285	5	519
147	5	2897
1719	5	1718
337	5	1201
1878	5	1689
2066	3	2061
3388	4	296
783	5	3096
2294	5	1172
1616	4	2961
1050	5	1483
653	5	1956
2257	3	2031
284	4	4091
247	4	1238
245	6	3561
3690	4	2990
3273	5	283
3296	0	3295
159	4	3265
3839	5	1550
2645	6	2847
889	0	2343
3886	5	1189
2721	4	1975
1132	5	744
3733	5	3298
3200	6	546
1951	2	3428
3416	5	3335
2726	5	519
344	0	887
3094	5	3093
756	5	2800
3546	2	3545
2768	4	3516
3222	5	4266
4010	3	3163
335	6	3932
3715	6	765
1326	0	480
1685	0	1477
1990	0	973
4056	4	1322
2370	0	2566
947	5	4007
504	5	449
1062	5	1529
147	5	2861
3406	4	3380
3810	5	1478
3843	5	4192
3858	3	3857
1758	5	1529
912	5	1048
3016	5	1579
1316	5	1312
838	4	2467
1070	2	1069
21	0	3054
695	5	2335
640	4	3514
1200	3	1293
33	4	1464
2046	4	314
2970	5	3762
83	6	1869
4026	4	2747
4191	3	3462
3289	4	4039
49	0	3721
954	5	1322
1069	0	1464
33	5	2871
2135	0	3223
3149	4	1819
1082	6	998
4220	2	1300
2518	6	2656
1930	2	1929
1429	6	759
887	0	344
2656	5	2731
484	6	4193
1772	4	1891
997	5	998
3133	5	3372
608	3	607
3409	5	3408
3985	5	2085
2061	5	1882
3833	4	3401
4007	4	2507
299	0	148
2328	5	2329
2576	5	2575
2357	5	715
3049	5	2307
1223	2	1222
3356	5	3056
3200	5	4173
2426	3	1217
3091	0	4108
775	4	3200
2966	5	3581
2746	4	531
2346	5	3414
3144	5	894
2985	5	2196
3558	5	3562
1156	6	3810
2200	5	4282
33	6	532
3382	4	4123
1670	6	3128
471	3	445
3632	3	421
2180	4	1219
1590	6	2348
3063	5	3371
3162	5	3306
900	3	887
195	5	3465
3602	4	775
727	5	3482
2881	4	122
2910	6	3521
3994	4	4160
2991	2	2143
3926	3	3744
3176	0	169
902	3	3744
3193	5	4132
1475	5	2264
2664	5	771
1158	5	4062
434	3	1009
3235	5	3149
806	5	3807
3126	4	2161
667	5	667
3122	0	4213
4276	5	3716
1868	4	1110
668	5	2987
843	5	827
1267	5	1756
2556	0	2916
1515	4	3201
3352	5	3351
1338	6	1779
1898	5	3455
1057	3	1055
1222	6	3746
1049	3	811
3788	5	3597
3631	0	3202
515	5	992
3024	5	771
365	6	740
3397	5	3396
1805	6	1228
3913	5	2731
3987	3	2440
3345	5	2747
383	5	3587
2858	5	492
511	6	954
846	4	4103
1217	4	1741
1367	5	1368
2351	4	2149
603	6	667
3627	4	3490
2268	5	3024
1864	4	3985
168	5	4109
1812	4	296
921	5	3454
3570	4	1975
23	0	4215
3126	6	3386
737	5	4210
4252	3	4251
3024	5	1194
1756	6	3475
523	5	4231
1481	2	4034
2192	5	2191
3905	3	3857
2493	5	3775
537	5	4150
698	3	697
3681	4	670
3827	5	2941
1394	4	3797
2280	3	2279
683	5	637
2503	3	3146
3351	0	1870
532	5	953
228	5	129
3893	5	2148
369	3	344
2165	5	3645
312	5	1012
408	5	2674
178	5	177
3772	3	2485
2699	3	2805
3291	3	3290
3005	5	3006
2649	6	2731
1664	5	1664
1515	4	4161
1489	5	1463
1352	5	715
1860	5	274
1529	5	837
3599	2	3162
1944	5	1487
3781	4	1464
216	5	215
4198	5	1295
4084	5	3350
1054	5	2438
479	4	1579
2861	6	4232
3844	5	4094
1259	4	4175
3798	5	3200
899	5	1874
3740	5	3828
2944	5	1771
77	0	67
1536	6	891
113	5	113
4085	0	2373
1917	6	321
471	2	445
667	0	1501
2813	5	2812
900	2	4132
1541	4	1975
4110	4	1304
1937	5	2088
2065	4	1287
1402	4	2505
2092	5	4175
1408	5	3371
3062	6	1163
4134	4	3600
4213	0	1339
2909	2	2908
2255	4	3870
1938	5	2839
901	3	887
1031	5	2338
1197	5	1478
2596	6	4263
998	5	2613
2671	5	2672
430	5	1117
306	5	4123
1111	4	531
3775	3	3718
2002	5	1989
2052	5	2594
3496	5	3495
2011	5	1204
3055	6	1166
512	3	445
716	4	1214
4293	2	2116
531	5	2613
1230	5	1685
2152	6	4096
2892	5	2891
2659	6	3405
3993	5	4042
547	2	546
3216	5	1201
1197	4	1309
46	5	24
4094	5	1394
140	5	1015
196	5	2405
2297	5	3401
3101	3	1771
3410	3	1805
531	4	4231
4075	5	3925
4284	5	3724
3079	3	1009
3258	4	4192
3838	4	3516
2946	4	2152
724	4	1975
1686	5	1462
1372	5	1520
1972	0	1971
650	4	1485
1642	0	2359
3735	3	955
1278	5	1932
4134	4	3514
2431	5	171
1659	4	2056
3580	3	1941
1225	0	3956
1222	5	3719
2518	0	3773
1776	5	2824
4237	5	4235
3677	2	3676
3174	4	1995
3655	5	2135
1324	4	113
1424	5	1423
1228	5	2709
1044	6	1478
2127	5	2128
3416	5	283
346	2	849
3619	5	3618
2946	5	1544
1239	2	1238
1475	5	2763
2147	5	3401
2647	5	2731
2950	5	1530
992	3	991
517	5	347
202	5	3945
3067	5	2086
2765	4	3380
2135	0	1327
4110	5	2842
3987	4	2440
2196	5	4094
147	5	1741
3064	4	2042
4294	4	2355
4	5	544
1280	4	1201
3179	4	2312
11	6	13
1464	0	4149
52	5	51
1446	5	3437
2688	4	2320
160	4	2653
1591	0	1879
963	5	3588
5	5	3219
1149	3	1009
2950	5	2524
28	4	3844
421	4	2313
4289	3	884
2217	5	2995
771	6	654
437	4	2659
1626	5	1624
1408	3	1407
3677	5	3218
377	6	2352
1772	3	1771
1294	5	1582
2631	6	2631
1656	5	3475
2496	0	3526
1843	5	3181
74	2	743
1106	6	4037
1769	4	2909
3997	3	3992
2797	5	1293
2652	2	2651
1524	6	1429
3586	0	2855
1585	5	4194
3977	5	3380
2726	4	3428
3702	5	3703
1961	5	2773
3126	4	3600
1737	5	3473
325	5	326
3062	6	3352
960	4	3167
3989	2	3988
30	5	3097
3225	5	530
3273	5	2481
217	5	3320
314	4	2773
1155	6	3899
3912	6	3922
4274	5	1404
614	3	613
2307	5	2896
2671	5	2671
1795	5	1975
2505	4	1030
2311	5	2593
3122	6	2399
2835	4	2210
1944	5	2378
1407	5	4014
3437	6	520
2119	5	4062
2944	5	1268
3745	5	3745
1141	5	3304
3199	5	4173
800	5	2438
1139	5	3292
2410	5	2409
668	4	2987
4026	4	1414
1294	3	1293
531	3	3744
3278	4	2052
3918	3	421
3360	5	2245
2743	4	3490
2251	3	2195
2223	5	3923
1883	5	1882
2674	6	1121
2062	5	3444
1082	0	2054
2649	6	2413
2710	5	2518
2895	6	3884
1695	5	1694
561	4	4123
605	4	3392
4276	5	2654
3096	5	2613
2537	4	3392
1770	6	167
276	5	2590
2689	5	2320
1612	5	525
554	0	3578
691	6	3428
4276	5	561
88	4	2340
1552	5	2355
3424	0	389
575	5	1942
1042	2	1009
2081	0	3985
2507	0	1296
1393	5	2348
3877	5	1530
539	5	3481
1147	4	1428
3603	5	4283
3245	5	1295
1365	4	3292
2171	4	3811
115	4	2653
3422	4	3490
1066	5	3709
416	5	1404
3428	5	1390
3860	5	40
4013	3	421
2993	4	3392
602	6	4247
112	5	1848
3037	6	2311
4210	6	1301
2066	4	1413
4206	5	1309
1547	5	692
2440	5	2518
1249	3	4195
3372	3	1009
4063	2	3693
1644	4	441
321	6	1917
3847	5	3846
878	5	3473
1197	4	2107
3937	5	1409
3326	5	3325
2564	0	1772
4112	2	4145
3928	2	3927
1826	5	1825
2596	4	4231
3064	5	2405
366	5	365
1330	5	602
3717	6	4277
3693	5	3133
42	5	3889
3198	6	3197
1372	5	692
50	5	30
1314	5	1313
2458	3	1805
550	4	934
2599	5	1295
1217	4	1079
323	4	120
3586	0	2855
1866	5	3200
1476	5	1447
3101	4	2467
2464	6	2432
3806	5	3759
588	5	83
4143	0	1230
3028	5	2161
772	4	2449
73	2	72
3337	5	1733
2579	4	1461
3221	4	4163
3943	2	3939
2560	0	2308
1741	5	1741
3507	5	2648
2826	6	2828
1395	4	3587
628	4	3490
1544	6	3451
424	5	425
3226	5	116
1861	6	852
3055	5	1250
3541	5	4007
2352	5	377
2675	6	473
409	4	1317
83	5	3053
1132	0	3223
3416	5	2320
2833	5	3844
1184	5	1186
358	5	3813
1716	4	2388
3199	5	3126
3794	4	1657
522	5	3944
2300	4	1457
38	2	3072
4244	4	2105
3931	4	3371
643	5	2659
4174	5	1711
1635	0	3963
1835	4	259
2040	0	829
2294	5	1414
344	5	954
2476	4	2121
2525	4	1319
2933	4	2286
3794	4	1955
67	2	4196
3127	0	3581
459	5	459
1329	0	3750
2139	2	2137
628	4	783
1578	5	2245
3034	5	2423
113	4	1741
3582	4	3392
4242	4	3872
3855	5	3854
444	4	4031
1485	2	1478
1166	6	3913
4112	3	4145
2460	4	3585
2940	5	1751
4186	4	2050
144	5	3271
2381	5	508
1200	4	1293
43	5	42
61	5	1963
2019	0	764
2706	5	85
2485	5	4217
1727	5	1720
1275	5	3141
3721	0	49
431	5	429
2148	5	4131
3431	5	3222
250	5	249
2473	5	1156
2063	5	1109
33	4	4138
574	5	1540
3770	6	798
885	4	3473
3124	4	2042
4156	4	2467
302	6	469
991	5	992
1134	6	3227
2753	5	2355
3662	4	3401
1255	5	3788
42	5	1110
1900	5	1901
3856	5	525
3615	4	2466
1680	6	3463
2151	5	3982
197	4	2203
1241	5	1578
193	4	1319
3921	6	3365
410	4	3371
2994	3	2993
2417	3	3416
2980	0	2970
2309	5	3176
2946	4	2617
3371	0	1029
1561	5	1559
1519	2	1518
3986	4	2210
279	5	853
675	5	11
4237	3	4235
2785	5	2752
2254	4	691
2955	5	1768
1343	4	3872
1131	5	2088
2294	5	2295
508	0	167
3247	5	2697
3793	3	3788
3730	4	3844
4213	6	4143
3148	6	1944
1848	5	934
954	6	1473
2057	5	4174
4060	4	2997
1383	6	283
3438	5	2980
3180	3	1340
371	4	990
2158	5	2172
1502	4	1505
1644	6	1454
69	5	1550
1548	5	283
3300	0	626
1476	5	3428
780	0	1686
2507	5	1014
