4864	2	4863
4974	2	3696
5489	2	3772
7306	2	3696
4608	5	4562
6237	5	6236
6167	1	6166
5862	2	5769
6546	2	6545
5400	0	6284
4861	0	3516
3662	2	3256
6668	2	6667
5834	2	5769
5948	2	6450
3003	2	2985
1126	2	1125
6457	2	207
1540	2	553
5147	2	4798
7314	1	7311
2084	2	2054
956	2	3696
6438	2	6404
7445	5	7443
3412	2	3256
5976	1	5975
6783	2	3696
7311	3	838
2916	1	2915
3082	2	3075
671	0	2008
1231	6	6761
2642	2	3256
287	2	3766
1456	2	3772
2328	2	3129
383	2	337
1472	1	1471
3763	2	3696
2458	2	2976
6796	5	2166
4763	2	994
6551	0	545
3772	5	6905
6983	2	6985
286	5	284
2745	5	2743
6394	5	132
1222	1	1211
5995	6	5996
3503	2	3256
1017	3	3252
4770	5	4769
770	0	3988
5197	2	311
3577	5	3575
1626	2	3696
1656	1	1633
2392	5	2413
225	2	3957
3934	2	3933
6578	2	6575
3726	0	5849
2622	2	2612
6267	0	4654
2675	2	2667
6104	2	3696
7550	1	7046
7177	2	3696
6017	5	6005
1228	1	1211
5562	2	5560
2548	5	2551
5850	6	5849
7321	5	7317
7134	3	5924
2822	2	3961
5321	5	5320
1256	2	1254
5766	3	7526
4887	5	4888
2700	6	2717
2490	0	3466
391	2	337
4697	2	3696
3066	5	3065
5047	5	3218
1886	2	2258
3231	2	2291
4707	1	5082
4635	1	4630
4166	5	4167
3798	1	2856
5743	2	7292
2593	6	967
686	2	3696
1868	3	4612
3619	2	3583
454	3	5134
3040	2	3034
4381	5	4381
1029	5	1027
4141	2	4140
3678	2	3256
6	2	12
1890	2	3157
1784	1	1790
539	3	535
1945	1	1947
6937	2	5004
6033	5	6032
4958	2	553
1102	5	1105
2491	5	2490
5578	2	2205
5527	5	5212
483	2	3772
2772	2	2770
308	5	309
6972	2	3696
1944	3	5926
5913	2	553
2503	5	2466
6148	2	3776
1224	2	5170
187	5	188
3962	5	3992
3109	2	3696
7562	2	3743
6321	1	6320
2852	2	2851
7512	5	7513
7546	2	3696
1324	5	1325
4769	2	2712
7001	1	2712
3170	2	3169
5974	1	5975
1689	2	1687
2364	2	1709
5626	2	1489
230	2	3256
1311	2	553
4479	2	4392
3701	2	553
4693	5	1160
6531	2	6450
248	5	1888
6987	2	6986
5883	2	5769
4302	2	3772
3593	2	3772
2160	5	2161
6469	2	6450
2242	2	2239
723	2	3743
1781	2	4204
826	3	824
5643	6	1925
901	2	899
304	2	4204
3997	1	3998
482	2	6744
5510	2	6053
2060	2	2061
5168	2	5166
4550	2	4118
6186	2	3933
5193	5	5194
3717	2	3772
6346	1	2712
5422	5	5426
3601	2	3583
2556	2	553
2348	2	3157
4783	2	7430
5366	2	5368
4883	1	1211
6014	5	6017
2187	3	4064
3748	5	6030
4980	5	1493
1959	2	1962
7145	6	5919
5434	2	7136
5225	5	2041
6179	2	6180
734	1	740
2041	2	1937
4028	1	2712
5896	2	2205
6793	5	6792
4418	5	4419
698	2	6291
5975	6	585
5405	2	5396
397	2	3696
848	3	838
4449	5	4450
4847	5	4848
1847	5	1849
3891	5	3892
4542	2	2737
1851	5	1853
4653	1	5199
1915	2	1914
7023	1	7025
4362	2	4304
6438	2	6547
2470	1	2480
7278	0	7272
1103	1	2712
5704	5	5705
3707	2	3256
1725	3	6032
6225	5	3924
2278	0	2160
6386	2	2205
5355	3	6267
4005	5	4006
1579	2	4798
3092	2	3696
6354	2	6353
673	5	4837
1813	2	1812
1500	2	553
1994	2	1993
1160	2	1136
5102	1	2712
6991	3	519
1235	5	1232
4832	2	3696
1574	2	3696
98	2	553
6377	2	6353
1754	6	2543
2533	2	4798
5711	1	5706
5466	5	5358
3409	2	3256
2155	3	5426
6511	2	6450
5433	2	4204
4977	2	3157
554	6	4766
2703	2	4204
4666	5	4667
5989	1	5988
6519	2	5466
6213	2	3157
1861	2	3772
5583	5	5580
4136	5	4135
4688	2	6561
123	6	125
5658	5	5659
6017	2	6014
1222	2	3157
6630	1	6629
4313	2	4304
4863	3	135
2895	1	2712
3910	5	7348
4906	2	333
4063	5	4064
4371	2	2712
3346	2	3772
2244	5	2238
6478	2	6450
510	2	553
2473	1	2470
4520	2	3933
4084	2	4057
4788	5	4786
2548	0	3476
12	6	1501
4608	5	1166
831	5	830
3490	2	3256
4887	5	4885
3169	5	3168
6456	2	6450
1744	2	3961
6027	5	6026
2573	2	2568
4661	2	3157
3713	2	5691
5064	1	5062
4197	5	4194
1606	2	553
5601	0	3900
3363	0	1827
5313	1	5312
2509	6	6642
7440	5	7439
2392	5	2382
3371	2	4204
236	6	239
1390	5	1388
3078	2	3075
2813	2	2770
4606	5	4623
6249	1	2712
6379	2	4887
6242	1	2712
6082	6	2541
1190	1	1665
684	5	424
5618	2	729
3794	2	3696
6009	5	6014
37	2	36
5190	2	5186
1314	5	1313
5686	1	5669
5431	5	5430
7568	2	7565
6355	1	157
5092	2	3696
6737	2	3696
2704	6	2702
2391	1	2390
5956	5	6027
1998	2	553
2926	5	2925
6231	5	6230
7315	3	6267
1308	2	1306
7059	3	7526
1463	2	3772
5238	2	5239
7014	5	7011
5146	1	5145
747	2	736
3080	2	3075
7536	3	6267
6518	2	6450
1600	2	1347
6850	2	5212
567	2	6758
2800	2	2770
1673	5	1346
291	5	4395
1303	2	3776
3084	2	3075
6082	6	2218
654	6	663
671	5	1815
4812	2	3696
3621	2	3583
7415	2	7369
7510	5	7506
7006	2	3961
4312	2	4304
1048	5	1514
1441	2	3129
814	2	782
5992	1	4792
4365	3	6267
1075	2	1076
6289	2	3743
1162	5	3298
3471	2	3772
3413	2	3256
2699	2	3772
4282	2	4283
7427	2	553
1307	2	1306
5490	2	3129
6981	6	4311
792	6	768
5328	2	5329
23	2	22
2269	5	2270
18	2	553
184	3	7526
101	3	195
7198	2	3696
1287	5	1286
1516	5	1517
2232	2	2234
5645	0	3709
2992	2	2985
2784	2	2770
6873	2	553
2597	2	2594
498	1	497
2083	6	284
4909	2	4903
6371	2	3772
7224	3	6885
2797	2	4372
12	6	44
3238	5	3240
1103	2	2712
1617	2	3772
6083	5	6082
6314	1	2712
3180	5	3182
2005	2	3696
6257	2	6260
3210	2	19
1587	2	3772
6017	5	6018
3057	2	4204
3914	2	3913
2068	2	2054
3217	2	5046
1874	2	1883
2950	5	1434
5740	2	5736
7279	1	4295
1846	2	1844
489	2	487
6891	5	6892
1809	5	1812
4190	2	4192
6748	2	6750
5595	2	7312
5818	2	553
12	6	2346
5648	5	5649
2307	1	6703
2087	2	1936
6222	3	133
5556	2	12
6426	5	6482
2041	2	5225
4710	2	4711
1225	2	1217
4413	2	3772
481	3	7526
3446	5	6338
1263	5	1258
2147	3	1250
4311	6	6979
2500	2	2499
2826	5	5912
2754	3	6744
6533	2	6450
944	2	553
2103	1	2102
3586	2	3583
4498	2	553
2562	5	2564
3424	2	2269
2327	2	2328
4911	2	2201
3183	2	3256
5373	2	5371
6717	2	6715
6362	2	6353
4100	2	4057
3640	0	6820
7447	1	7446
3049	2	3034
5796	2	5769
4711	5	4712
671	5	4116
4625	2	3696
760	2	759
6084	5	6082
1474	1	1471
83	5	84
6756	2	4798
104	2	553
4443	2	6744
557	1	556
4361	2	4887
6157	1	6152
110	5	3270
2993	2	1565
6318	2	6317
2803	2	5122
1182	2	4204
64	2	66
2392	5	2404
3010	2	5782
5053	2	3696
4072	5	4073
2126	2	3696
2146	1	2141
3091	6	2649
3153	1	2712
4381	2	4380
99	2	97
5560	6	2220
5176	5	5172
1313	3	6263
4033	2	4022
6886	2	3696
6360	2	6353
4875	1	4877
6269	5	6268
2472	1	2470
2941	2	2938
6471	2	6450
27	0	1292
4427	2	4407
6179	2	553
3124	2	3110
4816	2	4114
2487	3	1596
1887	5	1881
895	0	896
5880	2	5769
4991	0	4604
5128	2	3696
5954	2	3696
930	6	5975
4345	1	4342
1307	2	3155
614	2	598
4968	1	4966
4883	2	1228
2016	2	2015
2361	2	1683
422	2	5062
5800	5	5619
599	2	598
2214	5	2212
4414	2	4407
1144	5	1146
1717	3	1812
5775	2	553
6392	6	6402
7404	2	7369
358	2	337
6366	0	4741
745	2	736
3853	1	3847
3396	2	1982
1829	2	1828
556	2	6253
893	1	892
6122	2	3772
798	3	796
5003	5	4181
4418	2	4591
4525	2	3696
3943	2	3696
504	2	3696
6034	3	3180
2569	1	2568
5510	2	5499
736	2	740
1489	5	5626
6626	1	6625
4508	2	3696
3060	2	3696
6703	0	2307
1746	1	2712
7417	5	7418
736	5	737
6698	5	6696
3371	2	3370
2488	5	2490
4095	2	4057
4369	3	191
2132	6	2175
1831	2	3772
582	1	2856
2356	5	2562
2236	3	2256
5394	5	5310
369	3	7526
3426	2	4204
7340	6	7417
386	2	337
5697	2	6082
3325	2	3256
2571	2	3743
2217	5	2217
2177	6	1109
544	1	6548
2684	0	3477
3228	2	3772
959	5	958
4243	2	4213
731	5	1013
7499	5	6030
451	5	447
1035	2	140
1491	2	1492
5632	5	1651
2999	2	3696
2986	2	2985
3465	2	3743
6356	2	6353
1417	5	917
3719	2	3256
2766	2	3772
3541	2	3256
6595	2	6594
1060	3	1148
926	2	923
6229	2	2234
4473	5	4471
6795	5	6797
2929	2	4204
2725	2	3256
7253	2	3696
5884	2	4873
6735	2	4204
5359	5	5358
7460	2	6757
3969	6	5358
6005	5	6014
333	5	329
2083	6	4895
2338	5	2337
2208	3	2153
1828	5	1827
3026	5	3015
4278	2	3157
5699	2	553
4555	2	4554
165	2	163
1287	5	1289
3065	2	3064
5091	2	5089
5179	6	5176
4965	2	3772
1665	5	1667
6647	5	5293
1541	2	4964
6176	5	6195
3317	2	3256
5231	2	5228
6566	1	6565
6778	2	6779
2572	1	2568
2637	5	2636
5565	2	3743
733	1	732
2638	2	3743
7356	5	7357
6801	2	6803
1497	2	1499
6702	2	3157
3146	2	553
608	2	606
453	5	1513
3754	5	3753
1105	2	1103
585	2	5703
5385	2	5386
3250	2	5332
1705	2	1704
2847	2	2846
2930	2	3743
4090	2	4057
4457	2	4118
6933	2	4741
2949	2	2950
2277	5	2275
1313	6	1314
3967	5	3968
6156	1	6152
1371	2	1713
1180	0	2849
1178	5	7300
517	2	3772
3683	2	3256
1762	6	5996
3698	2	3157
5717	2	5716
7259	2	3696
994	2	7000
6437	2	6436
868	2	817
1732	6	1733
6394	2	132
3113	2	3110
2476	2	3743
7152	2	553
6183	1	6176
1890	2	1889
3087	2	6744
2010	2	3743
5100	2	5097
3916	2	2135
7210	2	7211
5704	2	3746
78	2	3772
449	2	4204
827	2	3696
3568	2	3256
7121	5	1296
6976	5	6978
4796	1	4793
1493	5	3917
692	3	1436
5932	2	4798
5	2	12
172	5	3157
6211	2	3772
4931	5	4933
5725	1	5719
5143	2	4204
1721	2	3157
1096	5	1094
671	0	4627
2794	2	2770
2844	2	2843
6454	2	6450
5899	6	132
4147	5	6060
2083	2	4825
463	1	460
7096	5	7092
871	2	6253
6230	2	6226
6088	5	6087
796	5	792
5051	2	5050
7002	5	7005
3278	2	3256
6966	2	937
3488	2	4204
7262	1	7261
3927	2	4798
3466	2	2490
283	2	425
5240	1	4683
3304	2	3256
5719	5	5716
7417	5	7435
1209	2	553
654	0	5329
3604	2	3583
7128	2	3743
684	5	1777
1776	2	1775
6097	2	3157
5674	1	5669
1993	5	1994
2386	2	553
6187	5	6188
7321	5	7320
2921	3	2256
807	2	7184
4620	2	4610
782	2	894
4988	1	4987
6849	2	4887
948	5	946
2269	5	2272
4921	2	7311
2894	2	3696
125	1	126
4344	1	4342
5996	6	1762
6796	5	2283
2524	2	5081
2472	5	2473
2911	2	2900
5593	1	2712
2955	3	838
4839	1	4842
4925	2	3696
5186	5	5517
1331	5	1330
4132	2	1263
1993	5	1996
6508	2	6450
5358	5	434
7016	0	1935
389	2	337
1607	5	1611
3695	3	1580
7134	3	7133
1521	2	1513
1658	1	1633
3947	1	2712
736	5	746
6238	2	6236
2685	5	2689
4389	2	4798
828	2	2612
4099	2	4057
6954	2	6907
4587	5	4586
3483	2	3256
5505	5	1724
3470	2	3256
4776	2	3772
7271	1	804
3887	2	3772
248	5	7291
3577	5	3578
503	3	7526
4324	2	4304
2373	2	3772
6944	3	1426
2379	2	6053
5466	5	5294
2271	2	2273
2730	2	3743
3712	2	3711
5225	5	5227
10	2	12
2376	2	2258
6092	5	6095
1928	5	1927
3397	2	3256
7420	2	3772
1155	3	673
1216	2	1211
1556	2	3743
2203	5	2202
2293	1	2712
1000	2	3157
210	2	209
4012	2	2135
7477	2	7471
7563	2	3743
5900	3	7526
5049	0	3222
2145	1	2141
7108	5	7109
5730	2	3696
6396	1	6398
6176	5	6196
3263	2	3256
2055	1	55
2972	2	6744
3625	2	3583
910	5	909
1141	5	1141
5245	2	3696
7432	1	7430
2019	5	2021
2673	2	2667
5645	2	5644
3579	2	3578
6881	1	6880
786	2	785
6366	5	6369
955	2	954
847	3	838
6011	5	6014
3000	2	2985
684	5	5390
409	2	337
5726	1	5719
5157	1	5156
7139	2	5082
1484	1	1471
6366	5	6371
855	3	838
7246	3	7430
3726	5	5768
223	1	222
4669	2	3157
1821	6	1817
4392	5	4399
7505	2	7504
1252	2	2712
2097	5	2096
7463	2	3696
2344	2	3772
5840	2	553
6328	6	4828
5734	2	3743
1892	1	1891
308	0	3762
6825	2	3772
1028	6	1029
1608	2	3772
3381	2	3380
5274	2	3772
592	2	3157
1995	2	1993
5580	2	3956
7166	0	3671
1215	1	1211
719	2	716
6322	1	6321
381	2	337
6809	5	6808
376	2	337
1808	5	1810
4392	5	4396
4057	5	4089
1443	2	3772
1238	5	1232
6304	5	6299
6044	3	6038
3693	2	3694
7312	5	7311
4565	5	4604
2979	2	4204
2275	5	2276
6248	2	3256
2874	6	2893
2059	2	553
6698	5	6695
6329	3	191
7379	2	7369
3878	2	3877
2474	2	2470
3453	2	3454
1720	5	1972
1380	5	1377
2771	2	460
2384	2	3157
2087	2	4054
5560	5	5562
2604	2	7163
1037	2	3157
6208	0	3537
4439	2	3772
1007	0	6841
2676	2	3696
3467	1	3466
3945	2	6314
2392	5	2399
5875	2	553
7230	3	3555
3636	2	6797
2199	2	2197
5109	2	553
5248	2	4204
2989	2	2985
650	0	214
1413	2	1416
4715	1	4678
1221	1	1211
684	5	106
5104	2	4798
388	2	337
112	2	111
3810	2	3809
6405	2	6404
46	1	45
5203	2	4548
1421	2	3772
5360	2	4204
844	3	838
1938	2	729
177	2	176
5741	2	5736
533	2	530
6715	2	6715
4353	2	4304
37	2	3746
5707	2	3696
934	0	585
2253	2	5073
1930	2	2479
5631	1	5629
7368	2	4204
4748	1	4747
260	1	6750
4677	3	296
30	5	6841
4861	2	19
5823	2	5769
7264	6	7263
3812	1	893
2815	2	2770
7271	5	7285
542	2	3696
5960	2	5959
4727	2	4713
630	2	598
6964	2	3956
401	2	6176
46	1	157
708	6	4777
2366	2	7367
1809	2	474
3068	5	3069
3572	2	3256
1352	3	191
1651	6	5338
5372	2	5373
3883	6	4761
5879	5	5654
6355	2	157
3950	1	3951
796	5	4200
3117	2	3772
2582	2	2581
660	2	671
5031	5	6839
711	2	3743
777	5	778
6102	2	6064
5374	2	4204
6545	1	6544
4876	1	4877
836	5	837
1975	2	3772
4076	2	4057
6566	2	6565
6082	6	2355
6816	2	554
2162	5	2160
673	3	6753
2941	5	2938
5770	2	5769
5477	2	3696
5468	2	3696
6022	5	6014
1333	1	1332
523	1	524
4769	1	2712
5559	6	2856
807	5	806
6608	1	2712
3037	1	1211
1396	2	1399
1805	1	1804
3502	2	3256
5794	2	484
4967	1	4966
4467	2	553
2695	5	2673
3780	5	3781
7560	2	7559
402	2	337
3914	2	4204
795	2	782
1870	5	2165
558	2	3696
910	5	908
5754	3	5820
3112	2	3110
4423	2	5212
535	2	4648
3595	2	3583
2976	2	2954
311	5	271
3157	2	271
1945	2	466
1729	1	4564
3027	2	2985
689	6	5896
3666	2	3256
4280	2	553
6809	2	4798
5806	2	3772
6228	2	2220
801	2	796
7065	2	7201
3567	2	3256
1488	6	6499
7290	2	4798
784	1	2712
5380	1	5379
2956	2	1925
1876	2	3777
6056	5	6057
945	5	946
7371	2	7369
3002	3	3923
5667	2	553
6742	5	6743
4422	5	4407
3594	2	3583
7165	2	7164
5682	1	5669
5463	2	3696
2168	2	2392
7466	2	4204
2893	5	2874
3110	5	2611
2014	1	2712
6980	2	3772
4693	5	4087
4169	2	4171
1912	3	3703
5860	2	5769
7480	3	4064
4214	3	4803
1298	6	2592
5994	2	3696
7547	2	7546
4637	1	4630
3743	2	3771
242	1	241
2769	1	2768
2400	1	2399
4476	2	4798
1512	5	1511
3231	2	3256
2177	6	2174
4967	2	4966
3047	2	3034
7413	2	6715
4891	2	2974
1259	5	1258
529	5	527
4	0	7417
2288	2	553
5359	2	2250
5078	5	5076
0	5	1303
7504	5	3140
5736	5	5738
461	1	460
2070	2	4204
4218	3	838
1828	0	3364
902	2	901
4108	1	2712
6273	5	6274
6395	5	6396
4223	2	4213
4982	5	4984
2392	5	2417
5975	6	930
7080	5	7082
1559	2	4798
6483	2	6450
1132	2	1131
5828	2	5769
4120	2	3772
2069	5	2068
2292	2	3129
5942	2	5769
378	2	337
3485	2	3772
684	3	7206
3090	5	3089
7396	3	4987
3710	2	5687
143	0	2702
7407	2	7369
6963	2	2751
1240	5	1232
4291	2	3772
6900	2	4204
878	6	1806
6208	2	6209
7230	3	3557
113	2	3772
3850	1	3847
4214	6	2505
1806	2	1759
7496	2	7492
6473	2	6450
4073	2	117
4959	2	3743
3392	2	3256
1637	1	1633
5926	5	5928
3972	5	4798
5424	5	5426
5798	2	5769
5716	5	5717
6255	5	6253
4126	3	7208
1284	6	2503
3712	2	4204
4606	5	1166
4332	2	4304
619	2	598
2392	5	2405
7385	2	7369
3713	2	3256
2033	2	2034
243	5	247
2634	2	5082
6958	6	6907
6760	5	6761
4986	2	3772
908	5	907
7524	5	6450
2463	5	2466
1298	6	1341
6938	5	6937
5279	2	553
1664	5	1665
1164	0	1884
5338	5	5332
1120	2	3696
2868	2	3696
403	2	337
7351	5	7350
6331	2	3743
1773	1	1211
2929	1	2928
2434	2	3743
1401	2	3772
4770	5	4768
150	5	151
1999	2	553
6363	2	6353
6440	5	6426
1029	2	3696
5999	2	4204
6050	2	3696
2026	2	553
3743	5	4892
929	2	923
3967	2	3157
7023	5	7022
5286	2	3743
7196	2	7194
1344	6	1331
3795	5	730
951	5	953
5272	5	5269
501	2	3696
1022	6	1024
1690	2	1689
626	6	706
1859	3	3557
6258	2	6260
551	2	550
6276	2	3743
6128	5	6129
615	2	598
2241	1	2712
1761	2	3256
1417	6	1380
2648	6	3903
1681	2	2976
7437	2	553
560	2	3772
4027	2	2499
4026	2	4022
4852	1	2712
5497	5	1493
273	2	4204
3024	2	2985
404	2	337
3657	2	3256
982	5	981
5480	5	5481
3670	2	3256
7116	5	564
6338	5	6343
4094	6	4147
1510	2	6712
4244	2	4987
7495	2	7494
3180	6	4524
5216	2	5218
2217	0	294
6046	2	6038
5205	1	2712
323	6	320
1322	5	1325
4421	2	4407
4307	2	4304
1651	5	1644
2816	2	2770
1851	5	1855
5119	2	6796
3009	3	6434
88	5	86
2188	0	991
5520	2	2678
6939	1	6938
1612	1	1611
4059	1	4057
2600	5	2599
6680	5	6681
2766	0	7350
6290	5	6291
6607	1	2712
6995	2	3696
1122	2	3696
3087	2	3075
421	6	4872
79	5	127
588	3	305
6847	2	2976
2465	2	2464
1353	2	4114
423	2	5082
4006	5	4005
7417	6	2859
4645	1	29
6766	5	6761
584	1	4295
6870	5	6866
5276	6	1594
7493	1	2740
457	1	4265
2061	2	2054
923	0	4189
471	2	3772
7068	6	6392
6712	0	4129
1661	5	1150
4931	5	4934
5694	5	5695
7142	2	3746
2349	1	1580
1518	2	1513
447	5	450
3436	2	3256
6000	2	5997
4916	5	4917
3781	5	3779
2442	5	7114
1226	1	1211
6394	1	132
4351	2	4304
1022	6	2945
6144	2	6672
4190	1	4192
6945	2	6907
2248	2	3157
4496	2	4114
871	2	6399
2748	2	2747
6637	3	493
4873	5	4874
461	5	463
1905	1	1899
7402	2	4708
2177	2	2258
3584	2	3583
6449	2	3772
5636	6	4750
1229	2	1228
7398	2	7369
3780	5	3779
5476	5	5475
1786	5	1787
4942	2	4944
208	5	209
3668	0	7136
4404	5	4450
2802	2	3696
3453	2	2448
1213	2	1211
5338	5	5331
1242	5	1232
2789	1	2788
6800	2	6809
5936	2	5938
7313	2	7312
4041	2	3696
3750	2	2477
673	5	3924
1961	5	1962
5820	5	5821
6269	5	6272
876	3	838
5791	2	5769
796	5	6857
5093	2	5089
2726	3	5536
4982	5	4983
5615	1	573
1117	2	5082
5409	2	5408
796	5	769
1450	1	1449
4216	2	4213
2143	1	2141
1736	3	163
5291	1	1139
5233	5	5232
5098	5	5097
1392	1	1394
6779	2	3772
311	5	314
3440	2	3256
4387	2	553
4088	2	4057
1538	2	1537
3616	2	3583
7181	5	7182
824	3	1847
6631	1	6629
6269	5	6266
3685	2	3256
3848	1	3847
2502	1	2499
2067	6	2066
7109	5	7108
1173	2	3696
7081	1	1165
796	5	913
7111	5	7110
3088	2	3075
6258	2	3766
5223	2	553
4020	6	4021
472	5	473
1227	5	1226
3963	5	7421
2324	2	2325
2392	5	2412
824	2	1847
2517	2	2513
6868	5	6865
700	0	6841
3266	2	3256
7275	1	1786
6496	2	6450
4833	1	4835
650	2	3157
7450	2	3157
5106	2	4548
836	2	2782
744	2	736
5723	1	5719
5769	6	5617
6799	6	1479
4885	5	4886
2299	2	2298
182	5	183
3220	2	3222
7261	2	7260
5307	5	5308
626	6	598
4996	5	4998
3046	0	3003
201	2	3696
5308	5	5307
2251	2	3157
6461	2	6450
3290	2	3256
5425	5	5426
4552	2	3696
1541	2	1347
3003	0	3046
4424	2	4407
2477	2	2123
1887	5	1879
1062	2	3743
7326	2	6791
4912	1	2712
3650	0	2314
3997	2	173
6556	2	3766
6237	1	6236
585	0	930
1336	2	1335
3209	2	3256
4719	2	4713
3171	2	3256
3435	2	3256
68	2	69
7219	2	1778
5066	2	5068
2909	2	2900
1170	2	3696
3864	1	3847
2267	2	3746
4825	5	2083
4747	5	4750
6192	2	4548
1919	2	1920
796	5	6872
1728	1	4564
387	2	337
390	2	337
741	2	736
5452	2	3696
1722	2	3157
239	5	238
7470	1	7467
7417	5	7416
5577	5	5579
2749	1	2748
3681	2	7357
401	2	337
4747	5	1923
2561	2	3696
6338	5	6340
230	5	230
1799	2	1800
3919	5	3913
6372	2	3772
809	2	809
6794	1	6797
2392	5	2395
2821	2	3696
7025	1	7022
7230	3	3556
572	5	570
2244	5	2243
1231	6	6761
7512	5	7520
6357	2	6353
1678	2	1677
4747	5	6596
4085	2	4057
6207	2	3743
1058	2	553
6939	2	6938
5384	2	5163
4311	2	4304
1857	3	6604
2691	1	2692
3350	2	3256
151	5	150
2834	6	2836
105	3	2612
4214	2	4803
730	5	3795
1389	1	1388
2120	5	2121
2656	2	4204
3634	2	4204
3523	2	3256
5037	0	2590
4591	1	4590
633	2	598
6436	5	3015
2408	2	2392
3232	2	3256
3035	2	3034
7264	2	3961
1479	1	1471
1767	5	1766
4202	2	3743
7214	6	1048
6483	2	2418
4124	1	4121
6522	2	6450
4846	5	4847
4799	5	4801
6169	2	3743
673	5	5527
4400	2	4392
5977	2	5975
1973	2	1972
900	1	901
3631	2	3583
684	3	5375
1102	5	1103
2744	5	2746
4674	2	4673
3692	2	3691
2914	2	2900
2072	2	553
28	2	29
4436	1	4435
3217	2	3256
5382	1	5379
3861	1	3847
6394	5	132
6532	2	6450
6615	2	6611
6807	2	3129
6540	1	5082
4848	5	4846
6007	1	6006
6528	2	6450
7525	2	3772
3881	5	7329
1796	5	1791
862	1	838
2462	2	3743
1414	5	1416
6779	5	2188
1933	1	1932
6534	2	6450
5679	1	5669
1570	5	1576
2206	2	6744
331	5	330
2340	2	3743
5803	2	2205
1703	2	6797
4499	2	3743
4586	5	4587
4086	2	4057
6977	2	6976
6736	5	6737
84	6	69
5507	5	5506
1172	1	1171
320	5	322
7550	5	7551
4948	5	4951
345	2	337
4147	2	4156
3098	6	5980
3010	2	2985
5711	5	5706
6664	5	6663
4942	5	4944
3658	2	7050
3598	2	3583
12	6	2020
2179	2	3697
3817	3	493
1110	6	2175
537	1	535
4920	2	4903
6685	2	6687
380	2	337
6743	2	6742
5705	5	5705
6070	2	3743
4036	5	4037
1641	5	1639
4378	2	4377
3459	2	19
6206	2	553
6128	5	6127
961	5	964
1147	2	1144
5281	5	5276
4456	2	5065
6964	5	6963
1904	1	1899
1927	5	1925
637	2	598
2767	6	2768
4035	2	4022
1275	3	838
4747	3	7111
5022	2	3696
2324	2	4204
4564	5	4589
1345	5	1331
5755	2	5756
6763	1	6761
6695	2	6698
7115	2	4204
916	2	3157
5758	2	3696
233	0	2104
2494	3	2487
81	5	84
1620	2	3690
3611	2	3583
349	2	337
823	2	3696
5251	5	5252
3313	2	3256
2392	5	2394
2436	2	553
6325	1	2712
2399	2	2237
5557	2	3696
2799	2	2770
6082	6	7489
511	2	6176
1983	2	553
7230	3	3560
2257	2	553
5150	6	4839
4184	2	3746
3123	2	3110
6582	2	553
15	0	3957
6556	1	6554
6617	2	6611
5298	5	1466
2801	2	2770
367	2	337
954	6	5903
6724	2	6718
93	2	6744
4602	5	4604
4171	5	4170
457	5	4416
4487	2	4778
6191	3	6267
4748	3	4747
2607	5	2608
3043	2	3034
6745	1	6744
4392	5	4479
3426	6	3229
6727	2	6291
6841	1	938
1227	1	1211
6400	2	3772
6567	2	6566
6769	2	6768
6968	2	3696
1842	5	1841
6669	5	6668
4288	2	3772
6428	2	6404
1651	6	2329
5399	2	553
6548	2	6547
6267	6	4478
2028	2	3743
3826	2	4204
4594	2	4591
6164	1	6154
6884	1	6881
4209	2	3256
4849	1	2712
3007	0	3048
1041	2	5261
3689	2	4548
1424	5	1966
1676	2	3924
3846	1	3845
6923	2	6907
2916	2	2915
2121	6	6705
3672	2	3256
4927	3	1862
3104	2	4798
2996	2	2418
6485	2	6450
3369	2	3772
5144	2	2258
6182	2	3766
5601	5	5602
2043	2	553
5408	6	4642
3764	2	3747
3464	3	838
6989	5	6986
6680	5	6679
1735	5	55
205	5	118
7486	3	6712
935	5	585
1541	5	1543
1885	5	1886
736	5	748
2416	5	2407
1141	5	5898
7065	5	7201
99	1	97
748	2	736
4166	5	4168
7391	1	7390
1683	5	1682
5612	2	4204
3686	2	3256
2668	2	2751
4245	2	4213
7293	2	3157
816	2	782
4902	2	3157
2275	5	2277
360	0	370
5835	5	5836
1525	2	1513
5716	5	5718
6538	2	6450
4554	5	4551
3046	2	3034
648	2	598
5861	2	5769
3041	2	3034
4460	2	4798
6799	3	3865
6541	6	1993
1873	5	1874
4730	1	4729
7064	2	7061
4288	1	4287
4619	3	2612
2700	5	2699
7370	2	7369
5535	1	5536
179	3	7526
541	5	540
740	2	736
6754	0	2846
4221	2	4213
1695	1	2712
6228	1	2220
12	6	5605
6770	2	3772
5742	2	5736
4016	7	4016
4440	2	3157
4521	1	2712
5529	0	5528
6129	5	1576
24	5	4363
1124	2	1125
1498	5	1499
6455	2	6450
6275	5	6274
914	6	4057
6385	1	6383
5683	1	5669
7564	2	4798
447	2	140
4906	5	4904
209	5	208
4049	2	6314
1127	2	3696
4395	5	291
4620	2	6822
7334	3	1404
6307	2	140
6426	5	6487
275	2	19
509	2	3696
6765	2	6761
6248	6	6907
833	1	2768
4170	5	5967
6111	2	6110
2670	2	3696
4006	5	3991
354	2	337
6612	2	6611
890	2	5132
3437	2	3256
3716	2	3715
603	2	598
1680	2	1677
579	6	5820
591	3	7526
365	2	337
6130	2	178
650	0	6171
2005	1	2004
4574	2	5344
5069	2	3696
1104	2	1103
7440	5	5944
72	3	1435
3084	5	3086
2931	2	2928
1651	5	1640
6939	2	4204
5546	2	4987
2443	6	2612
2217	0	5267
6148	3	4647
3147	2	3743
4485	2	3696
12	6	2007
5833	2	2303
3514	2	3256
6457	2	6450
88	5	87
6704	2	6703
540	2	3157
5610	2	3772
4885	5	4888
1446	2	1445
3622	2	3583
3948	2	3696
2987	2	2985
5380	5	5379
3592	2	3583
2542	2	3772
2975	1	2974
188	2	3696
819	2	63
6396	5	6395
5782	2	3746
6136	2	6135
4952	2	3696
7512	5	7511
5153	2	3743
320	6	323
6559	2	4811
3946	2	6744
3279	2	435
1645	2	1640
3212	2	3256
825	3	824
1223	2	1217
3803	5	3807
2427	1	2418
113	2	114
414	5	413
1253	5	1256
440	2	1426
5606	6	734
2668	2	2667
2459	2	5235
7043	1	7042
475	2	474
6285	2	3772
4923	1	266
1333	5	1332
3048	2	3034
4350	2	4304
6597	5	6599
4067	3	4064
1486	1	1471
4057	5	4992
1322	5	1326
6314	5	6310
4105	2	4057
6716	2	6715
3154	2	3961
869	2	5176
4466	1	5542
4742	5	4741
4146	2	4145
3995	0	3177
4390	5	4402
3801	5	3800
1952	2	3772
5141	1	2712
6820	5	3638
6614	0	6615
7156	5	7155
4850	2	3696
1092	5	1090
1921	2	3772
7341	5	7348
2484	5	2485
3355	6	2149
2787	2	3933
5584	1	5580
4667	5	4666
6082	6	2441
4187	2	4057
5014	2	553
770	0	214
6545	2	6544
759	0	7419
807	2	7190
4769	2	4765
7320	2	3746
6368	2	3743
5010	1	5748
2566	2	3772
3855	1	3847
2885	2	3157
3735	2	3734
2431	5	3396
3918	2	553
6678	2	4204
2369	2	553
109	3	6267
6315	5	6314
7375	2	7369
7440	5	7452
2628	5	2626
6678	5	6679
6837	2	3696
145	2	3772
1264	2	3696
4182	2	3772
4804	5	4805
1359	2	1347
6304	1	6302
4310	2	4304
2885	2	2882
3505	2	3256
3147	2	3144
4257	2	4213
6504	2	4886
6099	6	1756
5965	2	5964
7076	2	3772
1954	5	1958
3284	2	3256
1933	5	1932
5002	2	4798
27	6	2106
4030	2	4022
2188	0	899
2432	2	3157
4140	5	5290
7469	1	7467
4639	1	4630
4567	5	4604
3933	2	3696
1981	2	553
4424	2	553
6301	2	6302
350	2	337
6180	2	3743
5441	1	5443
5577	5	5578
7174	2	7171
2778	2	1276
7418	5	7417
6575	5	6576
5217	2	5218
2812	2	2770
3374	2	1205
7167	1	7166
4242	2	4213
4462	1	5261
4571	2	4570
4623	5	4606
1124	2	3772
6162	1	6152
1331	5	1345
3647	2	3256
4336	2	4304
691	3	1094
4466	1	4465
4385	2	4386
5882	2	553
6176	5	6194
7111	5	7108
7346	5	7348
4414	2	2477
6908	2	6907
1132	6	4971
3517	2	3516
989	2	988
2957	1	2712
7115	2	7116
2998	2	2985
1052	1	1051
7428	2	3157
1842	5	1840
1682	2	1683
195	5	1711
2051	2	553
3677	2	7341
152	5	150
6673	2	5125
2261	2	3772
3288	2	564
5802	5	5804
7320	1	7316
4294	5	4295
6717	2	3743
2604	5	2607
3090	5	3073
7453	5	7440
6014	5	6019
6653	6	2466
6996	1	2712
4872	5	4873
4318	2	4304
3708	2	3256
3476	0	2548
3466	2	3256
2791	5	2788
336	1	5065
5518	5	2618
7013	2	7014
5027	2	5026
2392	5	2402
6986	5	6988
6465	2	6450
5097	5	5099
231	3	3381
3535	2	3256
4031	1	2712
7235	3	2612
6503	2	4597
7440	6	2303
7041	2	3696
2429	1	2418
576	5	578
4297	2	4798
6636	0	6321
3528	2	3743
5584	5	5580
156	2	4798
2306	2	5163
1152	1	1148
5988	5	5987
3811	5	3810
2545	2	3746
836	3	838
4323	2	4304
1954	6	6813
355	2	337
719	1	716
425	1	426
6434	2	5465
1572	1	2712
4727	2	5782
4689	5	2035
340	2	337
7054	2	3157
5536	5	5532
671	5	5625
7016	2	7015
1681	2	1677
6915	2	6907
5614	2	5615
3136	2	3696
3404	0	2033
1049	2	3157
107	2	3772
2318	2	2319
5121	2	2768
2475	2	553
7195	2	7194
3547	5	3548
6677	2	553
5209	5	573
1663	5	6296
1732	6	2140
6879	2	3157
5642	6	2177
7187	6	5822
5702	2	553
7417	5	7429
5466	5	7124
5152	2	553
2938	5	2942
7527	2	7526
713	5	714
3958	2	4204
4781	2	4798
2700	6	169
7376	1	2712
3296	2	553
777	5	779
3500	2	3256
4474	1	4470
6536	2	6450
5080	2	3696
5483	2	3696
4347	2	4304
3814	5	3801
6720	1	2712
2797	2	2770
5849	5	5847
6001	5	5186
5765	3	7430
7028	6	7103
6495	3	2372
1651	6	2492
1272	1	2712
3832	3	4064
709	3	7544
3210	0	4960
1994	2	4204
4742	5	4740
7405	2	5082
1651	5	1646
6094	2	3743
4161	5	4162
6218	2	3743
5625	5	5624
3973	6	5708
3891	5	3893
7017	1	7016
4434	2	4407
6122	2	6120
4106	5	4186
896	0	895
2083	2	2054
2917	2	3696
5896	1	5895
336	2	5065
5018	2	5017
6620	5	6611
2525	2	5082
3359	2	1816
535	2	530
6775	2	3696
6328	0	284
7404	2	5073
5748	1	5747
6507	2	6450
2177	6	734
6424	2	6404
1196	3	4064
681	0	5212
4057	6	7119
3238	5	3245
7234	2	838
671	0	1509
641	5	642
3089	5	3090
6564	2	3696
6513	2	6450
5578	2	5577
3286	2	3256
2689	5	2690
23	2	3746
1216	2	3696
1183	5	1184
4265	2	173
3451	5	3450
5416	1	5417
3986	1	3985
1885	5	1884
2760	2	2762
1209	1	1211
3841	3	4273
5792	2	5769
2891	3	3151
2897	3	305
1817	2	4204
770	5	772
2663	1	2661
2242	2	3933
1816	5	1822
6415	2	6404
1393	1	1394
7454	2	3772
5727	7	4016
229	2	3743
444	3	7526
2233	2	2234
3111	2	3110
3477	2	2684
1027	6	4017
3983	2	3772
5480	3	2528
5680	1	5669
837	2	836
2055	2	2054
4680	1	1046
7417	5	7436
6202	2	3696
1569	2	1347
52	1	51
1002	1	4798
4459	1	2712
6584	2	6586
2077	2	553
5732	6	6780
4892	2	3743
2897	2	2936
4613	3	4618
2928	0	7077
4836	2	3743
2003	2	553
1150	6	1662
5217	2	3157
3549	2	3548
2684	2	2689
4788	5	4789
5289	2	5287
5317	2	5352
6504	2	6450
4023	0	4225
1015	5	1014
2528	0	2217
294	0	2217
1405	2	3743
2899	5	2358
7207	5	7084
2914	0	3121
3063	1	2712
1455	2	3772
6208	2	3772
7069	5	7199
4045	5	7369
3410	2	3256
6404	5	6404
5586	2	4684
628	2	598
1083	1	1082
4530	2	4516
359	5	358
1941	2	3772
3836	3	6109
6043	2	3772
3786	5	3784
241	3	2446
4919	2	6672
557	2	3696
6883	1	6881
604	2	3696
6421	5	1423
2011	2	2019
730	5	731
4830	2	4828
831	5	601
4473	5	4472
4872	5	4874
4254	2	4213
2649	6	7522
1094	5	7497
2605	2	2604
639	2	598
1837	5	2161
1917	2	553
6264	5	6305
1989	2	553
5951	6	5953
6536	2	7417
7385	2	2326
696	3	4273
6368	2	6366
2183	6	2182
4126	6	1939
1056	2	3157
5191	2	3696
1180	0	4825
5296	2	3696
5574	2	1276
6971	6	4795
6163	1	6152
2793	2	2770
54	2	4204
807	5	805
7164	5	7165
4795	2	5420
6294	5	6437
5349	1	5348
2438	5	2437
650	3	2255
1553	2	1347
3901	2	2250
7111	5	7113
399	2	337
1397	2	553
1776	2	3157
6334	5	6335
1399	2	3743
3990	2	3743
5848	2	553
6049	1	2712
457	2	4265
3332	2	3256
5984	1	444
7509	2	7506
1575	2	3157
2130	2	6797
3015	5	6436
6833	5	6831
7235	3	7430
1179	2	4798
5457	1	5443
3871	2	736
6684	5	6687
788	2	782
5581	1	5580
5560	5	5563
7065	5	7067
1972	2	1720
710	2	553
5458	2	6744
4300	2	3696
1666	1	1665
7107	5	7108
1787	5	1785
1081	2	3696
4147	5	4153
600	1	2712
3702	5	3703
1075	2	553
5072	2	5070
5372	2	3772
2099	1	2102
6956	2	6907
5696	2	5695
4184	2	4180
2814	5	2815
5163	2	173
5139	2	5138
1880	2	1887
5926	2	5929
2256	1	2252
1256	5	1253
6133	5	6132
2862	1	6809
2225	2	3772
4146	2	2250
2288	2	2289
3897	5	3940
2721	2	7000
2093	2	6633
3637	2	3256
5237	2	3696
2104	5	2103
5017	5	5019
5541	1	5539
4671	2	4672
2335	2	3772
6437	2	6404
7311	3	870
2884	3	838
2221	1	2220
841	3	838
5694	5	5693
5083	5	5086
48	1	49
810	2	3889
4370	2	3696
360	6	3203
4490	2	4778
7297	2	3696
6082	6	2133
3375	2	3374
1527	2	1513
653	2	7311
1762	6	5995
1038	1	2712
7387	5	7388
838	3	6038
12	6	2110
4330	2	4304
7334	0	4839
851	3	838
6913	2	6907
3186	1	3184
3399	2	3256
7367	5	7365
754	1	753
6678	5	6680
1287	5	1291
370	2	337
6355	2	6353
1651	6	2171
3113	2	3696
5748	5	5748
5374	1	5373
5320	5	5322
6007	1	5033
5163	2	5162
5051	2	4204
2184	5	2182
3172	2	4204
2815	5	2814
5946	2	5947
1096	2	1094
6302	2	6299
6546	1	6544
810	2	782
6444	2	6443
458	2	6113
948	1	946
150	5	152
1748	2	3696
2217	5	2216
6713	2	3772
2183	5	2184
4659	5	268
1076	5	1074
2566	2	2562
3751	2	3747
820	2	3772
2761	5	2758
1704	5	1706
3674	2	3256
650	2	649
3838	3	493
1358	3	191
4887	2	4882
4149	1	4147
6959	5	6961
42	2	3157
231	3	5352
3827	2	3825
479	2	172
4005	5	4007
1838	2	553
3984	2	3157
1383	2	3256
3901	2	3900
7080	5	7083
687	3	7526
2164	0	7552
5074	2	3256
1263	5	4132
408	2	337
1288	2	1287
1538	2	3772
5660	2	553
3636	1	6797
1101	3	3799
5745	2	3157
5964	5	5963
3878	1	3877
3337	2	3256
6411	2	6404
3215	2	3214
5273	5	5271
6882	1	6881
5220	2	553
654	0	2765
2853	2	2849
7058	5	6450
6520	2	6450
1228	2	7000
4598	1	4597
1336	2	3696
4381	1	4380
2127	2	923
2606	2	3157
6460	2	6450
3394	2	3256
1958	5	1954
1102	3	2781
5254	2	3696
5537	1	5536
1564	2	4798
518	5	519
5791	2	5792
5401	2	3772
6898	2	3155
789	2	782
7504	5	6112
351	2	337
282	2	3696
2437	5	2439
3054	2	3053
6924	1	2712
6139	2	3772
5140	2	3696
4126	3	4053
6145	5	6148
2712	1	2712
2074	5	2073
199	2	3696
1253	5	1255
6262	2	3743
2513	5	2516
4319	2	4304
5600	2	3772
3784	5	3788
5193	5	5195
6764	2	6761
4943	2	4942
4442	2	3961
255	5	186
4253	2	4213
2275	2	838
6445	5	6444
2897	5	7329
5858	2	5769
1208	2	3157
7408	2	3772
3688	2	3696
2014	5	2015
2220	2	7472
7187	5	7189
5183	2	5182
3736	2	3256
3462	2	3696
4360	2	6744
5244	2	3157
5362	2	2643
4115	3	1499
6925	2	3696
4898	6	2693
7483	2	5134
532	2	2788
5160	2	6253
2898	5	4166
2501	1	2499
7498	5	7341
2560	5	2559
3338	2	3256
7047	5	7049
5333	5	5344
7104	5	7106
4759	5	4757
3643	2	553
715	5	713
4240	2	4213
5982	1	1884
5376	2	3696
5816	2	5815
242	2	3157
6574	2	6575
1971	2	1972
7321	1	7316
1948	2	553
7391	2	7390
4817	2	3157
7086	2	3772
1125	5	1123
3329	2	3256
5453	2	5123
4950	2	4951
6199	5	6201
3994	2	4204
2768	3	838
1198	6	1202
5419	2	5630
4915	2	4613
2148	6	1251
1368	3	6267
1805	2	1804
2392	5	2393
7141	2	7140
2625	5	5751
2103	2	3746
6613	2	3696
2383	5	2559
5460	2	3696
5794	2	5769
3609	2	3583
5204	2	3772
2433	3	2256
5222	3	6267
6505	2	6450
2430	1	2418
5221	2	5218
6168	1	6166
1655	1	1633
4840	2	4839
2184	5	2183
6230	5	6231
2518	2	3157
662	2	553
963	3	5641
673	5	219
3171	5	225
585	2	580
2360	2	3696
3733	2	3772
3061	2	4798
7137	2	7136
3026	5	7149
1680	2	2751
4839	0	5665
2165	5	2164
4456	1	5065
246	5	244
646	2	6780
322	1	321
6016	5	6014
7053	2	3696
4764	2	3696
4798	6	5550
4220	2	4218
6014	5	6009
671	5	1535
2158	5	2156
3472	2	3256
6708	2	3772
1903	1	1899
3298	2	1162
382	2	337
6445	2	6443
6723	1	6718
4168	2	3772
3252	2	553
2320	2	3696
3439	2	2336
4514	2	4506
4232	1	2712
6082	6	5652
7201	1	7067
3653	2	3256
7211	5	7210
1892	2	1891
1764	2	553
1679	2	1677
846	3	838
6679	5	6680
3318	2	3256
5209	5	4754
6314	5	6313
5849	5	5851
1021	2	1020
1017	6	3782
1092	2	1088
4453	3	838
1560	2	271
333	5	328
7020	6	7134
5943	2	5769
2331	6	2234
1331	6	1344
50	2	3743
807	5	1015
7155	2	4204
6587	2	6586
6828	3	7430
1886	1	1884
2681	2	4798
4640	2	173
2508	3	7233
838	2	3956
7364	5	7367
5188	2	548
551	2	4204
3525	2	3256
2484	6	2485
1177	6	64
5361	2	5344
415	2	6905
3760	1	3747
2532	2	3772
4697	2	4696
2735	2	4798
1068	5	1514
6691	2	4798
2103	2	2102
2651	5	1707
4230	2	4213
1926	2	1925
6947	1	2712
576	5	577
3078	5	3076
3006	2	2985
394	2	337
3179	5	3256
6999	2	6997
5447	2	3696
473	5	472
522	2	524
7555	5	7557
6878	2	6876
4437	2	3696
842	3	838
1417	5	6864
2140	6	5553
6239	5	6237
4020	5	7186
3779	2	4204
3366	2	3256
2169	2	2418
5408	3	4642
2071	2	553
4226	2	4213
3480	2	3256
4251	2	6065
2173	5	2175
5338	5	5337
5277	2	5276
3617	2	5163
4937	1	2856
7188	6	6787
5381	5	5380
4991	0	2197
286	5	287
5693	2	3743
919	5	922
1432	2	178
6549	2	6548
813	2	782
872	2	6291
1338	2	3157
5328	2	3772
6556	2	6554
24	6	4501
6997	5	6999
3507	2	3256
5338	5	5344
1287	5	1290
2354	5	2485
1482	1	1471
5383	2	2882
7312	5	7315
2855	1	2854
822	3	838
2660	2	2661
5620	5	5800
6394	1	5899
1296	1	1295
4788	5	4784
6712	0	2935
3603	2	2040
3320	2	3256
4375	2	6672
1128	2	553
4718	2	4713
24	5	128
6940	2	6907
3955	5	2001
2779	2	1925
6745	5	6744
1118	2	3696
3837	3	4988
5381	1	5379
2376	2	2375
5663	5	5333
1953	2	1954
6804	2	4204
3238	5	3242
3703	3	2256
1901	1	1899
1991	5	1989
3510	2	3256
4604	5	4564
3399	2	1993
5693	2	5695
5336	5	5338
5866	2	3129
4872	2	4204
1694	5	1692
5854	2	5769
4335	2	4304
159	5	158
985	5	982
2908	2	2900
4801	5	4799
4969	1	4966
1615	2	3696
5115	2	5114
6205	2	553
4841	5	4842
5909	2	3772
1931	1	2712
4943	2	4204
3745	3	7526
204	2	3157
2792	2	2770
2389	5	2390
3833	2	3696
6975	2	7125
125	2	4204
3578	0	3491
6417	2	3772
5308	5	5306
865	2	3696
5947	2	7501
4288	2	4287
891	2	887
4529	2	3772
3667	2	3256
3009	6	6788
6484	2	6450
7413	2	7369
5688	2	3772
1142	5	5898
6961	1	6960
5046	5	5047
218	5	1350
1686	2	3696
6835	2	6833
5526	5	1925
2572	2	2568
717	1	716
225	2	2
673	5	2228
3872	2	3772
6942	2	6907
6820	0	3640
6315	5	6310
6627	2	3772
6158	1	6152
6933	2	6907
1184	5	1183
4131	5	4134
6997	5	6998
1023	2	1022
6002	5	6001
6852	2	6744
7302	2	7298
4126	6	771
6121	2	4204
2150	2	3696
683	0	4809
5408	0	5012
4308	2	4304
7109	5	7111
203	3	7526
6511	2	5186
2839	2	553
4695	2	4696
1632	2	3157
6895	6	6907
92	3	5386
9	2	12
6437	1	5772
2736	3	5415
5176	5	5174
5829	2	5769
3775	2	3157
2188	6	1425
2188	0	4990
7271	5	7282
1808	5	1809
4795	6	6971
5985	1	444
6615	0	6614
6994	2	3772
7483	2	7471
2042	1	2041
5352	1	5348
3484	2	3772
6082	6	4774
5810	2	5769
6230	1	4136
2177	6	2610
6914	2	6907
838	6	6041
1646	5	1651
4701	2	5065
3969	6	7467
7309	3	3380
907	5	908
275	2	277
1623	3	5415
133	3	2559
4034	5	4033
4533	2	2751
2060	2	553
7223	3	7526
6413	2	6404
3211	2	3772
1253	5	1254
5439	2	277
1801	2	3696
4616	5	4613
7560	3	838
540	5	540
5677	1	5669
2269	5	2273
6624	2	6623
2351	1	2399
5181	2	3696
6848	3	5926
954	6	7073
6055	2	3772
5615	5	5614
623	2	3772
882	2	782
4544	2	4538
3974	3	3799
5454	5	5123
4642	6	6383
1583	6	1590
400	2	337
6045	5	6044
5321	5	5322
1079	2	553
5500	2	272
2443	2	3772
6920	2	6907
4622	2	3696
6199	1	6198
7240	2	3696
2943	2	3696
6964	2	6962
2516	2	2513
7303	2	3766
3233	5	2295
6657	5	1017
196	3	1436
1144	0	5508
4195	5	4194
2831	2	2712
4865	5	4844
2806	2	2770
3370	5	3367
2069	5	2070
166	2	162
1283	2	6744
6807	2	6806
7149	2	2224
668	1	5062
7272	0	7278
6988	2	6986
4166	0	2562
7352	2	7351
4474	2	4470
3797	5	3799
7487	5	7488
6232	1	5344
7100	2	7104
7433	2	7432
4876	1	4875
7157	2	3696
7434	2	7417
218	3	6990
979	5	980
3100	2	3696
7204	2	553
2548	5	2554
5131	2	6744
6836	2	3772
2655	2	3696
2950	5	1619
7204	1	3160
5635	2	5636
6470	2	6450
7366	2	7367
6160	1	6152
3561	2	3256
4624	3	191
6910	2	6907
853	3	838
5226	2	5225
4543	2	3696
4219	2	4218
7549	2	3696
3734	2	5916
5978	2	3157
1651	6	5781
5844	2	3690
6099	6	5370
653	2	598
6332	2	6335
2095	5	2098
6422	2	6421
7197	2	3157
3448	2	3256
3654	2	3256
377	2	337
3376	2	3256
6868	5	6866
3714	2	3256
861	1	838
6843	1	1211
5393	5	5391
3005	2	2985
1934	1	2712
2959	2	2751
1663	1	1673
4688	2	4687
2863	5	1972
4809	1	4808
3197	2	4286
736	5	744
6632	1	6629
7111	5	7109
1653	5	1651
7567	2	3696
5731	2	3743
2302	2	2303
2744	5	2743
218	3	808
7488	5	7487
1091	2	3696
979	3	2322
7257	5	7261
3390	2	3256
4133	5	1322
2173	5	2177
4999	2	4204
1842	5	1839
6725	2	3772
99	2	3156
4867	1	5212
1202	2	6744
4241	2	3696
1429	1	1425
3824	2	3825
660	5	671
5675	1	5669
5895	5	5896
3178	2	3772
1333	2	1332
4916	5	4918
891	2	2
1902	0	1148
3430	2	3256
3029	5	3033
3454	2	2449
4373	2	3696
7112	3	650
7048	5	7049
1168	1	2712
1692	5	1694
7075	2	3743
6548	2	3696
4960	0	3210
3453	2	3772
7355	2	553
6790	1	6797
28	2	4204
6125	3	3151
5202	2	5199
2122	2	2121
3513	2	4828
4003	2	3743
1148	5	1141
3406	2	3256
3640	1	3638
4682	2	3157
1255	5	1253
4311	6	6981
285	5	287
4025	2	4022
4392	6	1066
317	2	553
1018	2	1017
7180	5	7181
1697	5	1698
7130	3	838
5169	2	3696
6428	3	4823
1498	5	1497
3197	2	3772
5211	6	157
6706	2	3157
6967	1	1211
2651	5	2653
3050	2	3034
609	2	608
7345	5	7341
3279	2	3256
4239	2	4213
2672	2	2667
5867	2	5769
2240	2	535
2805	2	2770
5556	5	6450
2151	2	3696
2833	5	2836
5940	2	5769
2534	2	4798
6269	2	6271
705	6	5065
3077	2	3076
5580	2	5569
6809	2	6808
2616	2	2612
12	6	7490
322	2	321
948	0	1618
794	2	782
4770	1	4769
4851	2	3696
2613	3	2612
5513	5	5514
1352	3	6330
134	3	1394
6295	1	5772
1159	0	2310
4224	2	4213
631	2	598
6932	2	6907
1010	2	3157
5087	2	5086
3453	2	3256
1308	5	1306
4510	2	3696
2728	5	2700
2373	2	2374
3237	2	3256
4886	5	4887
4594	2	3772
2917	6	2916
6610	2	3696
6182	5	6181
289	2	3696
4472	1	4470
6946	2	6907
705	2	5065
3958	2	3957
3694	2	3743
5350	2	3743
3552	2	3772
3088	2	3746
918	2	3157
5494	5	5495
2410	1	2712
3071	2	3696
5970	2	1887
1067	2	3772
363	2	337
5577	1	2712
168	1	163
5026	2	4798
1141	5	1142
4940	5	4939
1390	2	3157
585	6	7282
4814	6	6799
2912	2	2900
7468	1	7467
2662	2	2661
4693	2	4295
2033	2	19
70	5	68
4839	6	617
6187	5	6191
3206	2	6744
1234	5	1232
650	0	3768
331	5	333
4016	7	5727
701	2	3696
1154	2	1148
948	0	4364
7271	5	7287
6204	2	3772
6814	6	6624
2521	5	2522
3339	2	3256
3009	2	2985
6284	5	6283
494	1	2712
7167	2	7166
6035	2	3696
758	2	755
7502	2	7504
7049	5	7047
6023	5	6014
4325	2	4304
1261	2	553
1494	5	1493
7390	2	7369
5645	2	19
2848	2	2846
2407	1	2406
7097	1	7098
3084	3	7256
4841	2	3772
6167	2	6166
4838	1	4842
7348	5	2530
3931	2	3696
5720	1	1029
2075	2	3444
4445	2	3696
1382	2	3772
1312	1	6703
6282	2	6284
5782	5	5784
6587	1	6586
2076	2	553
1001	2	3743
297	2	3696
5111	2	6253
1618	0	948
4888	2	4887
708	6	1407
2419	1	2418
608	1	607
585	0	935
376	2	3105
796	5	7070
571	2	3772
3238	5	3247
358	2	1462
2078	2	553
7126	2	7125
7188	6	2312
652	2	4798
2500	2	2547
2983	5	2982
2828	5	1899
6307	2	6306
7328	2	6797
4103	3	1431
5146	2	5145
2013	5	2015
1689	2	3696
6043	2	6044
5055	2	3772
833	1	2768
2745	2	3696
6420	2	6404
6373	2	6353
816	2	4519
6098	1	2856
17	5	24
2225	2	2226
3892	5	3893
6517	2	6450
2295	5	2296
6319	2	3696
1716	1	55
414	5	415
418	2	3696
320	6	324
7347	2	7348
629	2	598
6082	6	2125
793	2	782
2970	2	6253
5239	2	5235
891	5	5132
7174	2	3696
1017	0	6657
4206	2	3696
1271	2	6253
5413	5	5417
6728	2	7357
5236	2	3696
5003	5	6219
7089	2	7091
4184	0	6257
2485	5	2484
2244	5	2246
962	2	3696
3482	2	3256
7149	2	7148
3520	2	3256
1835	2	3696
2708	1	5669
2699	2	2700
4284	2	3696
5902	3	7526
7327	2	3696
5479	2	3696
7204	2	7205
5433	2	5431
3907	2	3696
7365	5	7367
7312	5	7314
249	5	248
2949	2	553
5971	3	218
3965	2	3964
5348	5	5347
1229	1	1211
4534	2	3696
4704	2	4695
2000	2	2001
1744	2	1742
1460	2	1459
1669	3	5352
6598	2	6597
5381	5	5379
5630	2	5631
5979	3	7526
676	3	673
268	0	269
3994	2	3993
4064	5	4071
4810	2	3157
2539	2	3772
1560	5	1560
1645	5	1640
479	2	480
4876	2	3956
6344	2	3696
6404	6	7027
1138	2	3696
3377	2	3256
4193	2	3696
5297	2	5296
2543	6	658
790	2	782
3358	2	3772
7409	2	7369
3288	2	3256
829	5	830
598	2	626
230	2	227
6269	2	3772
1563	2	1347
6514	2	6450
2181	2	6629
5710	2	3696
1743	5	1744
4482	2	3696
1438	3	5415
257	2	3129
429	2	3696
3537	2	3772
5585	1	2712
508	5	507
6821	5	6818
6724	2	6253
6384	1	6383
3062	2	3696
2875	6	923
800	3	796
4796	2	5421
2630	5	2631
1412	2	1416
7108	5	7113
2971	2	6291
5307	5	5305
2282	1	2281
5586	2	5569
497	0	4597
3238	5	3241
3866	1	3865
7113	5	7108
2316	5	2315
2305	0	1752
7271	5	585
6375	5	763
2435	2	3772
1352	6	1354
5164	5	5163
6113	5	216
3749	2	3747
6175	2	3256
431	5	432
4692	2	3772
3454	2	3256
3357	2	3256
6555	1	6554
84	5	81
736	5	747
1788	2	553
5502	0	427
4765	5	4769
5233	5	5234
693	5	3450
1950	2	553
6348	2	3696
4659	5	4658
7304	3	3799
7512	5	7516
2144	1	2141
1396	1	1399
3367	5	3370
7315	5	7312
6799	6	4814
3481	2	3256
6176	6	2731
6404	6	2985
6244	2	3696
7410	2	7369
3382	1	3380
7439	2	2250
7406	2	7369
7030	2	4204
1417	5	1418
7481	2	7471
6064	5	7283
796	5	6119
909	5	907
6435	2	6404
6961	5	6959
7079	0	7096
3162	2	553
6749	2	3772
519	2	520
6707	3	1394
1369	2	1347
1040	3	5386
6240	2	3743
1662	1	1151
3716	2	4204
1363	2	1347
3298	2	3256
6584	5	6585
6937	2	6907
3023	2	2985
3364	0	1828
6833	2	6874
6723	2	6718
2301	5	2303
3869	3	191
2358	1	5218
4177	2	553
626	6	1034
6024	5	6014
1444	2	553
7529	5	7526
3545	2	3256
1473	1	1471
7512	6	6072
7193	2	553
5523	2	3957
3591	2	3583
5115	2	3956
4815	2	3961
3636	2	3256
1142	5	1141
1817	1	1816
2905	2	553
1636	1	1633
2700	5	2698
1730	1	5199
6570	2	3696
907	5	910
2583	2	2582
3651	2	3772
1270	2	5386
4537	2	3696
536	6	7464
2375	5	2377
307	3	4064
5303	5	2418
1206	1	2712
3163	2	3256
6988	2	3772
4104	2	4057
4608	5	4623
5126	2	5125
5133	2	3696
2481	2	553
5821	2	1457
3805	2	3803
5539	1	3159
1631	1	1628
657	6	654
3793	2	3743
5911	2	5912
2068	5	2070
3642	2	3256
2566	5	2564
5097	1	1544
2521	2	2520
4877	2	4875
4924	2	3746
4631	1	4630
2084	2	553
5505	5	5503
5973	2	3772
860	3	838
588	6	7000
2720	2	3696
2826	5	3955
7262	2	7261
2517	2	3772
224	2	223
1160	6	4693
4163	6	4121
2053	2	553
527	5	529
4818	2	553
5961	5	5964
6794	1	4114
469	3	2612
3015	5	3026
720	2	6744
6878	2	3158
6516	2	6450
576	5	574
3408	2	3256
230	1	227
3361	2	3256
3801	2	2207
7225	3	5145
1322	5	1323
6887	2	3772
39	2	3157
3119	0	621
1691	2	1687
6468	2	6450
4642	6	4643
7400	2	4683
6475	2	6450
3099	2	5073
2423	2	2422
4636	1	4630
1201	2	3696
4076	2	4075
1005	2	3157
6640	3	2236
4839	5	4841
649	0	6172
1287	5	1288
7479	2	3696
5407	5	1513
4561	6	4560
7090	1	7089
3692	2	3690
5546	2	5545
5139	2	3157
5044	2	3923
753	2	752
1817	2	1816
2508	1	2507
7416	5	7417
6829	5	3015
5292	1	5291
5452	2	5443
7399	5	7367
4905	5	4906
2740	1	7494
6446	1	6447
1465	6	2559
1911	3	3702
5137	5	2756
3659	2	4204
6821	0	3641
3027	5	3015
677	3	673
908	5	910
4175	2	3696
12	6	416
3039	2	3034
5208	2	4798
2778	2	2770
2431	5	1982
4151	1	4147
427	0	5502
5394	5	5395
7003	2	7002
7535	2	3696
6384	2	553
1712	2	3696
5167	6	1639
5759	1	5757
2858	3	7430
4322	1	2712
5108	2	3772
6436	5	6829
357	2	337
671	5	7105
1522	2	1513
3748	5	7499
1523	2	4194
680	2	673
6266	2	3743
2215	5	2212
80	3	1436
1614	2	2712
4428	2	4407
2684	2	19
2437	5	2438
6121	1	6120
2982	2	4463
6523	2	6450
7468	5	7467
7246	3	7431
574	2	575
2781	2	2770
7238	2	3696
5717	2	4204
959	3	2353
6128	1	4857
2471	1	2470
1946	2	1945
3238	5	3244
5844	2	5843
3980	2	553
27	0	115
5709	2	3696
5264	5	5259
4765	5	4768
6067	2	3743
6264	6	5214
3432	2	3256
202	2	201
1731	1	5199
2487	6	4531
1605	1	1087
4628	2	3157
1476	1	1471
1851	5	1854
4674	2	4204
6414	2	6404
1827	5	1828
1397	2	1399
4250	2	4213
6437	5	6294
132	1	131
6989	2	6986
2813	2	6672
1991	5	1990
12	6	5657
5271	2	5269
3316	2	3256
5410	2	5396
1175	5	1175
1601	2	1347
675	3	673
7060	2	7061
671	5	1452
5513	5	5515
3989	1	2712
373	2	337
5398	2	230
2066	5	2069
3546	2	3256
3597	2	3583
1180	5	1464
585	0	5975
7512	5	7507
3141	2	3140
854	3	838
392	2	337
2313	2	5073
6489	2	6450
3199	2	3772
4582	2	3696
3090	5	3074
1855	5	1851
4066	1	4064
1972	5	2106
7288	2	923
7206	5	7187
757	2	755
6748	1	6750
3084	5	3079
4924	2	4923
3145	2	3144
3309	2	3256
2031	2	553
4879	2	1696
4816	1	4114
6729	2	7367
610	2	598
650	0	6401
6843	2	1228
1044	2	1042
1432	2	1431
170	2	553
3174	2	3157
2014	5	2013
1863	2	3696
2932	1	2933
5875	2	5769
205	5	119
7440	5	7441
1212	1	1211
2066	5	2068
5609	2	5611
5021	2	3696
6799	5	6798
2664	1	2661
2351	2	2399
3880	3	963
4041	2	4042
3607	3	5386
729	5	730
753	2	4463
824	2	817
498	2	497
7125	2	7125
4329	2	4304
7143	5	7142
1616	2	2751
2115	6	1490
5524	2	3961
84	1	5554
4515	1	4514
2660	2	3696
6273	5	6275
4848	5	4847
3142	2	3696
1631	5	1630
3054	2	3696
5251	5	5250
5367	2	5368
5825	2	5769
4184	0	3148
5079	2	3696
1142	6	5898
1809	2	1810
4960	2	4961
1517	5	1516
463	2	3961
5972	2	553
6335	2	6332
5458	1	5443
831	1	830
3151	2	3150
24	5	2317
2623	6	3702
3262	2	68
4447	2	2751
1061	6	2604
5872	2	5769
220	2	3696
2530	5	4181
1773	2	1211
287	5	286
152	5	151
2650	2	2647
2566	5	2562
4700	1	4695
5381	5	5382
4795	2	4793
7388	2	7369
3224	2	3772
3333	2	3256
4256	2	4213
760	2	1055
2931	2	3772
3079	5	3084
5871	2	5769
6181	5	6182
5136	2	3696
4981	2	3772
2967	2	3696
3506	2	3256
5107	2	3696
4904	5	4905
7173	2	3696
2889	6	7134
292	1	6710
1009	5	755
951	3	838
1503	1	1504
6145	5	6150
3180	6	5637
4079	2	4057
5118	5	5115
7083	5	7080
3330	2	3256
7310	0	4194
5837	2	5836
2428	1	2418
2460	3	6544
47	2	3772
1375	2	3770
1178	5	7298
4074	1	4073
6829	2	6815
1958	6	2359
1943	2	989
62	2	63
379	2	337
1099	2	4204
650	0	1618
6129	5	1577
7529	2	7526
6916	2	6907
6940	2	5082
5612	2	5611
5234	5	5232
144	1	2712
1728	2	4564
6309	2	3961
5221	2	3743
565	5	567
4376	5	4859
796	3	5805
3133	5	3131
3221	2	3772
1709	2	3774
2268	2	3766
2861	5	760
5570	2	535
6111	1	6110
969	5	968
3782	6	1017
4221	2	1043
285	2	3696
4873	1	7000
7043	5	7044
6444	2	1454
3865	3	1471
7132	2	3772
4114	5	4118
6392	5	6388
3029	5	3031
3103	2	6797
1774	2	1228
3025	2	2985
6629	2	562
6200	5	6201
5863	2	5769
2236	0	3902
2618	1	2612
1017	3	7088
925	2	923
3315	2	3256
4326	2	4304
773	2	3157
1552	2	1347
2036	2	3743
4495	2	1896
7129	2	3772
640	2	6286
2702	0	143
6307	1	6308
2573	2	3766
6921	2	6907
465	3	5838
5358	5	5359
7271	5	7286
3457	6	3460
1287	6	7438
6555	2	3746
3641	5	6818
300	1	2712
1723	3	6033
2815	2	6715
5624	2	290
5615	2	5617
6071	2	3772
2626	5	2628
6754	0	1590
4993	2	3772
889	2	782
1763	2	1762
4381	2	3157
5096	3	3180
491	2	487
254	3	2612
7135	2	7136
7512	5	7508
4607	5	5199
4392	6	4821
6621	1	6620
3488	2	3490
1352	6	1370
1398	2	1399
7172	2	3157
2714	2	3696
4701	1	4695
2099	2	2102
730	5	729
392	2	5562
3788	5	3787
6076	2	4204
5186	5	5190
643	2	6715
742	2	736
658	6	2543
1303	1	3776
6364	2	1851
7548	1	7545
4012	2	4011
5925	1	6985
5027	1	5026
5457	2	5443
951	5	3785
3658	2	3256
1353	1	4114
3571	2	3570
7363	5	7360
5174	2	5176
3437	2	2327
6267	3	5054
2851	1	2849
796	5	973
3815	5	3813
248	5	249
3692	2	3696
3834	2	3157
6771	1	2712
159	5	157
251	5	252
3820	2	3157
642	2	598
3243	5	3242
2182	2	140
2043	2	5238
5990	2	3772
5003	5	2530
183	5	182
5930	2	553
671	0	6639
5382	5	5379
7095	1	7096
3512	2	3256
5363	2	5317
5058	2	3772
3489	2	3575
6200	5	6199
6822	2	2250
6301	2	553
2297	5	2303
5947	2	5769
1386	2	3772
6148	3	4822
449	2	448
5809	1	5807
4540	2	4538
1485	1	1471
5957	2	553
3274	2	3256
1330	5	1331
6029	2	4798
3334	2	3256
5910	2	3772
6026	2	6027
3709	2	3256
6295	5	6888
2983	2	2981
4401	3	7526
2687	2	2689
6769	2	3696
1507	2	553
4746	5	4752
1633	5	1031
2880	2	2878
5590	2	6744
1148	5	1158
1052	5	1051
4572	2	3696
572	5	569
5103	1	2712
3704	5	3703
2085	5	2084
6284	5	2090
684	5	6075
6557	2	3696
243	5	2061
198	2	195
654	2	659
1271	2	1268
2562	5	2565
4083	2	4057
1958	3	5324
3856	1	3847
6829	5	6436
7213	2	3157
6256	2	6253
6431	2	6404
2609	2	2607
5847	5	5849
1597	2	1347
6426	5	6416
5789	2	5769
6689	2	6687
2198	2	2197
5402	2	1390
672	2	671
5078	5	5075
4064	5	4063
1172	5	516
2750	1	2748
6746	2	553
2423	6	2169
4613	2	4610
2305	1	2304
4473	1	4470
4956	2	2933
3924	5	2138
4357	2	4304
5774	2	5769
7188	6	6777
198	2	3696
5743	2	5736
3013	2	2985
4227	3	2375
4071	5	4064
3494	2	3256
7506	5	7510
4161	2	3746
7037	2	3772
4518	2	3743
7317	1	7316
4391	5	736
3207	2	3772
4295	0	5199
5462	2	1533
6754	0	982
2256	5	2255
5364	5	5368
2960	2	553
5584	6	5583
3371	5	3367
6004	2	4798
1254	5	1256
4616	2	4610
1141	5	1141
931	2	923
7051	2	7050
961	5	963
1494	5	4723
2825	2	3772
7178	2	3772
5851	5	5850
1151	6	1662
6219	5	4181
4454	2	6796
2104	1	2102
324	6	320
540	5	541
883	2	782
1821	6	1816
364	2	337
4101	2	4057
87	5	86
2658	2	3696
2210	2	2209
4484	5	4483
3371	1	3370
1298	6	6753
6706	6	6703
5634	2	3772
5059	6	2175
4955	3	6712
4725	2	4713
5339	5	5338
2640	2	2639
4052	3	4147
3669	2	3668
2343	6	2503
2817	2	7316
1611	2	1607
3327	2	3256
6191	5	6188
3640	5	6818
3486	2	3256
5377	2	3696
5928	2	5926
5562	2	3746
927	4	6600
5849	5	5768
4096	2	4057
3041	2	1745
3076	2	3075
5842	2	3772
538	2	530
1965	2	553
4974	2	4972
6216	5	718
4876	1	4875
4190	2	178
1148	5	1156
24	6	4772
6546	2	4204
3257	2	3256
2735	1	2733
6823	5	6822
3028	2	2985
5809	5	5807
5744	6	5743
2113	2	7104
7149	0	3901
2161	5	2160
2689	5	2687
1070	2	3696
1683	2	1677
3108	2	4118
6001	5	6002
4011	5	4010
4899	5	4898
151	5	152
1634	2	1633
836	2	817
6605	5	6604
3365	2	3256
3702	5	3704
6595	2	3696
2773	2	2772
1313	5	1315
6751	2	6750
3437	2	3772
7377	2	7369
3624	2	6297
1969	2	553
4244	2	4213
4317	2	1672
2350	0	7187
1893	5	1894
3201	2	3256
2137	1	2418
6614	2	4708
444	1	443
6509	2	6450
5451	2	5443
1389	5	1388
4005	5	3991
6321	2	6320
5436	2	4811
3084	3	3929
1578	2	553
4014	2	3743
6678	5	6681
4433	2	4407
1105	2	3696
1320	3	1431
816	2	3746
830	2	2712
6082	6	1755
1875	2	1883
6129	5	6645
966	0	3193
3501	2	3256
6698	5	6697
7082	5	7080
2233	2	553
414	5	301
880	2	782
5847	2	5849
5923	1	5924
7381	2	7369
665	3	4064
114	5	110
1724	5	5505
5856	2	5769
5853	2	5769
5811	2	5769
5242	2	5132
787	2	782
4979	3	519
7354	2	3157
4564	5	4604
6082	6	5462
6338	5	6342
1491	2	4204
5512	2	6997
6281	2	6279
7520	5	7519
4531	6	2487
5595	2	3696
366	2	337
7241	3	519
714	5	713
413	2	414
3612	2	3583
3491	2	3256
5936	5	5938
3121	2	6095
1875	5	1883
2439	5	2437
3589	2	3583
682	3	6038
1819	0	5333
3563	2	3256
3831	3	6267
12	6	6761
1741	2	3690
5036	2	1228
2880	2	5082
5039	2	3129
1745	2	3696
6902	2	3696
4236	2	4213
577	2	575
1958	6	1832
2719	1	2718
3681	2	3256
2160	5	2160
2779	2	2770
2487	3	1437
5567	2	3743
2392	5	2411
4243	2	4916
3354	2	3256
6283	2	6756
3544	2	3256
2938	0	6064
7137	0	3669
2864	3	7526
763	5	6230
7478	1	2712
7044	1	7042
3644	2	6865
7386	2	2751
535	3	6038
121	2	3772
2916	2	3157
3890	3	5924
3089	2	5255
2745	5	2744
5640	5	6450
4789	5	4786
6685	2	4798
4563	2	4604
3456	5	3459
1031	1	1633
2102	6	5393
3282	2	3256
6230	1	4135
6365	2	6353
262	2	4204
4098	2	4057
6064	5	6576
1772	2	994
7063	2	7064
1528	1	1513
6294	5	6295
994	2	993
3336	2	3256
1946	1	1947
6934	2	6907
5735	2	5736
6246	2	3772
5117	2	5116
2055	0	55
1175	1	1174
4913	2	3696
2548	5	2552
6681	2	6680
6274	5	6273
601	5	831
5332	0	3250
2889	3	5924
1280	1	2712
830	1	2712
120	5	1493
5926	2	6990
5676	1	5669
6671	3	1148
6305	5	6296
1400	2	3696
6615	2	5269
5459	5	5456
1209	2	1211
792	2	796
7282	1	5199
6392	5	6390
2876	2	3696
5767	2	3696
6903	2	3157
2380	2	2375
4884	2	4888
2634	2	2629
4016	6	5727
1094	5	1098
4875	1	4876
3064	5	3066
5414	5	5417
7230	2	5082
594	6	7187
4381	1	4381
112	2	4204
5350	1	5348
5974	5	5975
6863	2	3696
2965	2	3696
4586	5	4588
1693	2	1692
6014	5	6018
7195	2	3696
6579	2	553
1121	2	1125
4141	2	3766
5571	2	3696
4885	5	4887
6839	1	6838
52	2	2123
4820	2	3772
5672	1	5669
2049	2	553
980	1	978
1160	6	4657
1094	5	1097
4361	2	4304
538	3	6267
237	5	238
3680	5	7348
49	0	3260
2444	3	4790
4659	1	266
3761	6	3760
5415	1	5417
2691	5	2691
226	2	225
536	2	535
3433	2	3772
5633	2	1651
5950	5	5952
5573	2	3696
5650	5	5649
5046	5	3217
4073	5	4072
5357	2	3772
5435	2	553
770	0	2528
2853	2	3743
6252	6	3064
4140	2	4139
3360	0	1817
2734	1	2733
3381	1	3380
4664	3	2528
5356	3	6267
1392	5	1394
1957	2	3743
7034	5	7033
7155	2	7114
3154	2	3149
2772	2	1157
6405	1	239
3165	3	7526
6627	6	593
3009	3	5465
3626	2	3583
325	2	3696
5878	2	5769
7534	6	1800
88	1	86
4735	2	3157
316	2	3696
7386	2	7369
5705	2	3766
7517	2	7512
500	2	178
2882	1	2886
1162	5	1164
191	3	1436
6521	2	6450
6890	5	6889
5210	1	2260
7466	5	7465
6936	1	6937
322	2	4204
1883	5	1874
502	1	2712
4791	2	2547
953	5	951
2005	2	2004
7379	2	3696
3650	0	2314
4904	5	4906
4931	5	4932
4140	5	4141
3182	2	3180
5292	5	5291
7260	3	838
1195	2	4798
1576	5	6573
2673	2	5386
6938	1	6937
4250	2	5577
6392	5	6391
673	5	5151
572	5	567
2570	2	553
2790	2	2789
4281	2	3696
3687	2	7512
218	3	3923
4338	2	4304
6651	2	3696
3921	2	3157
3986	2	3985
7049	5	7048
1161	1	7096
3539	2	3772
1192	1	1144
7228	3	2721
4679	1	6710
673	3	7158
4446	2	3772
6703	6	6674
3939	2	3772
2976	2	7000
5032	2	3696
6794	2	4114
3656	2	3256
7217	2	7216
1298	1	1297
2392	5	2403
5761	2	3772
1727	2	3157
1360	3	519
1683	5	1684
3014	2	2985
5067	2	5066
3291	0	586
2588	1	2593
5009	2	3256
468	2	3696
1409	2	3772
4293	2	3743
154	2	4204
1918	5	1920
3527	2	1294
2333	6	2234
72	3	1436
1942	3	7013
1549	2	1347
4320	2	4304
2122	1	2121
6866	2	6867
1787	5	1786
5627	2	553
6048	5	6047
6779	5	6784
3511	2	3256
2197	5	2198
1654	1	1633
5471	2	3696
2068	2	2223
5884	2	5769
5493	2	5495
1091	2	1090
1823	6	1797
1505	5	1490
3323	2	3256
4747	5	4749
6224	6	2975
654	6	657
3986	2	4204
536	2	3696
4057	5	4063
6502	2	6450
5313	2	4204
2473	5	2472
6734	1	6733
7557	5	7559
2037	2	3743
1551	2	1347
2281	2	2274
3036	2	3034
4432	2	4407
1806	2	4887
1411	2	3772
1670	2	3696
5112	2	7367
3760	2	3747
1599	2	1347
2769	2	2768
6108	0	4491
146	5	151
6820	2	4204
5684	1	5669
1615	2	1614
6423	2	6404
5716	5	5719
6569	2	6566
5996	6	5995
4377	2	4383
3909	2	1294
3899	1	4194
2913	2	2900
3	3	2375
6386	2	6383
3608	2	3583
4054	5	1160
3858	1	3847
7267	2	3803
417	2	3696
4726	2	4626
3081	2	2721
3356	2	553
2467	2	2466
3840	5	3840
5847	2	3772
625	2	598
3418	2	3256
4109	5	5695
1718	1	2712
1796	5	1792
1483	1	1471
3826	1	3825
5217	6	2358
4368	2	3772
7526	6	5020
685	3	7080
962	2	961
3189	2	3772
4299	2	553
5897	3	7526
4260	2	3743
5408	6	4643
3254	2	553
1298	6	2591
3395	2	3256
1193	3	5695
4670	1	2712
3543	2	3256
6738	2	6737
1390	1	1388
7405	2	7369
1020	2	3696
6550	2	3696
2978	5	2977
7417	5	7434
4794	1	4793
159	1	157
4374	2	4373
4656	1	4655
2217	3	2255
1485	6	6799
1379	2	3743
4082	2	4057
6653	6	2900
4064	5	4367
6359	2	465
4860	2	3157
1875	5	1876
585	0	934
1508	2	3743
3705	2	3256
4899	2	178
1622	2	4798
4888	2	2205
3097	2	3696
12	6	2018
7204	5	7205
6133	5	6134
2837	1	2712
3837	3	4987
4746	5	4751
3019	6	3018
4888	5	4887
7537	3	6267
1496	2	1499
2930	2	2928
6688	2	4204
2689	5	2686
5925	2	6985
1491	1	1492
3041	2	3040
6600	5	6601
2644	5	6826
815	2	782
7066	2	3772
1526	2	1513
40	3	360
273	2	272
5984	5	444
3862	1	3847
7248	3	7430
4401	6	5904
4600	2	3772
6610	2	6620
5865	2	3690
806	2	807
4926	2	4922
5541	5	5540
943	3	4064
3341	2	3256
252	5	251
838	1	817
5987	5	5988
3772	2	6905
6300	2	6299
6025	5	6014
725	3	1842
2830	2	3696
3364	5	3363
2786	2	2770
5944	2	7440
5564	2	553
1611	2	3743
2562	0	4166
2042	2	2041
3445	2	3256
7569	1	5065
2587	2	2586
7181	5	7180
3391	2	3256
2454	1	2452
7278	2	6694
6453	2	3772
4562	5	4608
6356	2	230
500	2	499
6027	2	5956
3553	2	553
6833	5	6834
7217	1	7216
3269	2	3256
6378	2	6353
6201	5	6199
1352	3	1898
766	5	4295
727	3	3558
6315	5	6313
4029	2	4022
7102	5	7104
3404	2	3256
7251	3	7526
158	1	157
3301	2	3256
5246	2	7488
4593	2	3766
3294	1	671
736	5	740
2789	5	2791
7411	2	6561
736	5	738
1906	2	3696
7345	5	7346
7271	5	5975
2262	2	2263
4093	2	3772
5023	2	5024
5986	1	444
6731	2	3696
5622	2	3772
2785	2	3696
872	3	838
756	5	755
3089	5	3074
6199	5	6200
4069	6	2154
7185	6	7136
3664	2	3772
671	5	110
6795	1	6797
7202	2	3157
6883	5	6882
24	6	5959
1085	1	1082
2352	3	1544
48	5	49
904	5	905
5183	2	3696
6429	2	6404
5610	2	5611
1273	2	3772
1630	1	1628
2300	2	2298
6831	5	6833
327	2	3696
3769	3	2256
5234	5	5233
4886	5	4888
2171	6	1651
911	2	3696
5026	2	5025
2653	5	2651
608	2	3696
1843	2	1841
194	2	3696
3851	1	3847
3417	2	3256
4526	2	5122
3895	6	127
5007	5	5008
4123	1	4121
3015	2	6217
1640	2	1651
5176	5	5178
4839	5	4843
7248	3	7431
6498	2	6450
6230	2	4135
6200	1	6198
7151	6	1094
1137	2	4798
3215	2	4204
2399	2	2398
5985	5	444
728	2	727
5196	2	5199
1929	2	3696
1103	5	1105
5186	5	5189
2746	5	2745
7170	2	7166
671	5	6061
2580	2	2577
2740	6	2739
2498	6	54
7278	2	3969
2063	2	671
5521	2	2712
2319	5	2318
4596	2	3772
1924	5	6853
3619	2	5352
6987	2	3743
2639	5	2640
7378	2	7369
3973	3	4946
6189	2	6188
4592	2	4591
4938	2	3696
6906	2	6907
4121	6	4163
5471	2	5470
7322	3	5344
5858	2	3238
5333	5	5338
2544	1	2543
6646	2	3696
4507	2	4506
2879	2	5073
1026	1	2712
2970	2	2954
648	2	7512
2963	2	3696
6958	2	6907
2947	2	2945
1145	2	3157
6712	5	6690
1783	2	4548
6615	1	5269
6113	5	6114
3859	1	3847
3996	2	3992
6735	2	6734
486	1	1087
1020	1	1019
4111	2	4798
6953	2	6907
2179	2	2135
4969	2	4966
2662	1	2661
6488	2	6450
5797	2	5769
1787	5	1790
4877	1	4875
6039	3	6038
6432	2	6404
2994	2	2985
3614	2	3743
3098	3	5145
4973	1	4972
5209	5	2175
565	5	566
3017	2	2985
937	5	941
3181	2	3180
4853	2	3696
3837	6	3830
6221	2	3772
5186	5	5187
3052	2	3034
817	5	838
2180	2	2179
4475	2	4470
3837	3	4511
2873	2	3157
3053	5	3020
3293	2	3256
2423	2	4204
5817	2	5815
907	5	909
5062	6	1603
2247	6	2627
2844	1	2843
5576	1	2712
4839	0	1547
4110	5	5695
2798	2	2770
7203	2	3772
24	5	559
2808	2	2770
4668	3	7526
3606	2	3583
4102	3	1823
3057	1	3056
1477	1	1471
1298	6	1341
1593	2	1594
7020	3	5924
3498	2	3256
1886	5	1884
781	2	3772
4185	5	4184
7402	2	7369
6810	5	6808
7149	1	2224
4686	2	3696
924	1	923
3048	0	3007
5570	3	535
5161	2	4798
6427	2	6404
3870	0	5769
1244	5	1232
1102	3	2290
979	3	7523
1300	5	1302
12	6	2329
1370	6	1352
5188	2	5186
3979	5	3975
2000	2	4204
6900	2	6899
5991	3	948
6396	5	6397
7547	1	7546
4229	1	2499
5353	1	5348
3220	1	3222
6998	2	3743
7219	1	7216
1847	5	1844
4441	1	2712
6888	5	6437
7484	2	3696
3126	2	3696
2392	5	2398
871	1	817
3527	2	3526
217	2	3696
137	3	5926
3533	1	3534
5763	2	5762
5322	5	5321
6806	5	6807
1787	5	1789
7338	3	7334
25	1	24
2674	2	3696
1213	1	1211
642	2	6398
7175	2	4463
4714	1	4680
1954	5	7270
5892	5	5893
1685	1	1082
2514	2	2513
2724	3	4064
750	1	751
4553	2	553
2243	5	2238
7108	5	7111
4343	1	4342
6113	5	6115
7380	2	7369
2425	2	2424
3449	2	3256
989	0	1943
4566	5	4604
1086	2	2751
2392	5	1586
2341	2	3696
4471	5	4472
2313	2	2311
5928	2	174
6575	5	6577
3908	3	5134
250	2	3157
1076	5	1077
6068	2	6082
2235	5	2236
132	1	5899
3787	5	3784
3287	2	3256
2845	1	2843
5621	2	1035
6015	5	6014
1513	6	337
433	2	553
6159	1	6152
2810	2	2770
5408	0	4644
3302	2	3256
6165	1	6154
1249	1	1248
3359	2	3256
2973	2	3696
5877	2	553
488	2	548
4309	2	1228
6519	2	6450
158	5	157
3863	1	3847
7182	5	7181
6552	2	3696
2906	2	3743
4762	5	4761
1375	2	1713
5230	2	2477
525	2	3696
274	2	3696
1541	5	765
280	5	279
4058	1	4057
5691	2	5687
1430	5	1425
6000	2	3743
4259	2	3157
5015	2	3743
415	5	414
7008	2	3157
930	2	923
6768	2	6767
1851	5	1856
6155	1	6152
4695	1	4695
5321	5	3248
5727	6	4016
5534	1	5536
6688	2	6687
4262	1	4261
5458	2	5443
6265	2	553
5678	1	5669
5382	5	5381
1200	2	1198
2379	2	2375
5572	3	838
5603	2	3772
1967	5	1966
7526	3	5905
61	2	2250
1865	2	3772
3814	5	3802
5030	2	4887
6209	5	6208
4690	2	553
3474	2	3256
3897	5	3896
3738	2	3256
7048	5	7047
5700	2	6687
1296	5	7121
6418	2	6404
6643	6	2978
7400	2	7369
974	5	2872
4595	2	3743
3963	0	5394
3438	2	3256
2468	2	2466
239	5	237
6932	2	4548
6237	5	6239
1897	2	1816
6558	2	3696
6247	5	6296
1276	2	1274
4650	5	4651
58	1	59
5285	2	553
2342	2	3256
7044	5	7042
2740	3	5020
1160	6	6644
1003	2	3256
2857	1	2856
6479	2	6450
7221	3	1782
1107	2	1106
635	2	598
7188	6	34
770	5	998
1562	2	1347
1304	1	1303
2982	5	2983
2814	2	2770
3171	2	3164
2215	1	2212
7245	3	4887
2536	2	3772
5209	5	5426
1221	3	5145
1423	5	6421
650	1	650
439	1	6152
1151	6	1150
6013	5	6014
3655	2	3256
4828	1	4831
7107	5	7111
4573	2	4987
6563	1	2712
2787	2	2770
1645	2	3772
2928	5	2927
6465	2	1588
4558	5	4561
807	5	1014
1640	5	1651
3114	2	3110
3265	2	96
1355	2	1347
5670	1	5669
3177	2	3256
1651	5	1643
1059	2	3772
6866	2	167
2665	1	2661
2392	5	2397
3303	2	3256
4486	6	2418
5227	5	5225
3630	2	3583
2140	6	1732
2084	2	2085
5836	5	5835
2246	5	2243
2651	5	7045
7301	2	7300
1103	5	1102
3930	0	3167
6874	2	6833
5780	2	5769
5817	2	3772
6187	2	3956
2391	2	2390
755	5	758
5239	2	3743
7411	2	7369
2080	2	2079
1908	3	1855
6614	2	6611
4538	5	4541
2527	5	2526
6286	0	3548
6384	2	6386
3992	5	3995
6052	1	6051
7315	5	7311
3015	2	2985
2452	5	2453
5746	2	1887
3730	2	3729
1576	5	1570
1322	5	3796
3963	5	3964
734	6	5606
7179	2	553
6241	2	3961
7325	2	3696
727	3	3559
5989	3	6203
6935	2	6907
303	5	298
3857	1	3847
2268	5	2267
5095	2	3696
6952	1	6712
1576	5	6645
3176	0	3994
451	5	450
6737	2	6736
6007	5	5034
7570	2	3157
4416	1	4265
1753	5	1752
3447	2	3772
342	2	337
5206	2	3696
1265	1	2712
5036	1	1211
4879	2	4878
5198	2	3772
1529	2	1513
4575	2	3696
694	3	5344
352	2	337
3765	2	7367
2197	5	2199
1254	1	2712
85	3	7526
3960	3	6267
1319	2	3743
4705	1	4695
5729	2	3772
6622	1	6620
3414	2	3256
6384	1	6386
4512	2	4506
1571	3	535
2938	5	2940
1257	5	1262
6296	5	1663
7289	6	7108
1202	6	1198
7215	2	3157
6018	5	6014
6437	2	6295
5127	3	838
5566	1	535
952	2	951
942	2	3696
5369	2	553
650	0	2920
5824	2	5769
4289	2	3743
795	2	1820
3202	6	3658
2213	5	2212
812	2	782
1218	2	1217
6976	5	6977
2620	2	2612
6283	2	6284
4529	2	4530
5000	2	4994
508	5	505
4767	0	4766
3238	5	3246
1431	5	1433
1365	2	1347
2562	5	2563
5466	5	7458
552	2	3157
6581	2	553
6703	6	6706
6703	6	4301
4069	6	2208
3312	2	3256
7114	5	7156
5543	2	4798
7099	1	7098
139	3	4273
4887	2	71
4249	2	4213
3387	2	3256
6665	2	553
6002	5	5186
2921	0	6171
3715	2	3256
2103	5	2104
2015	5	2013
4334	2	3772
1856	2	1855
3127	5	3576
6600	5	6602
2850	2	2849
237	5	239
7407	2	5269
1566	2	3772
2128	3	838
6973	2	4593
2791	5	2789
7331	1	1633
5077	2	5076
1886	2	1884
656	5	654
3492	2	3491
642	5	641
138	6	2175
5534	5	5536
4797	1	4793
7201	5	7065
447	5	451
908	5	909
2774	5	2772
7377	2	1119
3135	1	2712
270	2	3157
5949	2	5975
2140	6	1733
3905	1	2712
671	5	56
5906	5	6664
7341	5	7274
4569	2	3157
5061	5	2709
238	5	239
7532	2	3746
4697	1	4695
874	2	6561
2723	3	2256
3596	2	3583
5760	2	553
7387	2	3987
2546	2	2543
2236	0	5762
1977	5	1980
4170	5	5966
2095	5	2097
3455	2	3454
5787	2	5769
2362	2	3696
3574	2	3772
4409	2	1544
1230	1	1211
5066	2	3696
4122	1	4121
2083	6	975
1017	0	2752
654	6	1674
545	0	6551
3026	2	7149
4138	5	4135
6124	2	3772
3185	2	3184
818	3	838
5953	6	5951
4942	2	178
901	2	3697
238	5	237
27	6	2319
244	2	243
1548	2	1347
2284	2	3772
6103	3	4064
3805	5	3803
1946	1	1945
4514	2	6253
7382	2	7369
4855	2	3696
875	3	838
971	4	6600
3957	0	3171
5719	3	3021
613	2	598
5819	2	5820
585	6	7281
5408	6	5060
641	2	6397
3784	5	3791
2585	2	3696
6476	2	6450
6118	2	3772
5583	1	5580
292	5	4679
4892	5	3743
2867	2	3696
6537	2	6450
5496	2	5495
5592	2	6797
1621	2	4798
3083	2	3075
1660	5	1651
6462	2	1247
3264	2	3256
1979	5	1977
1467	1	1466
6396	2	4204
2826	5	5275
4092	2	2135
5727	7	5727
760	5	2861
6432	2	5333
4676	2	3696
3116	2	3696
2120	1	2121
4373	2	4372
6820	1	6818
3418	2	2230
4430	2	4407
4057	5	4083
2338	5	2339
5260	1	5259
3261	2	3256
4724	2	4713
7362	5	7360
5236	2	5235
1162	5	1163
6324	0	4708
2776	2	2770
2061	2	245
420	2	419
6591	2	3696
4012	5	4009
5374	2	5373
4173	1	1087
5832	2	5769
5492	2	5495
1793	2	1796
4451	2	3256
6982	2	1820
1125	1	1123
6906	2	6053
3899	2	4194
2794	2	4113
6316	2	6315
7498	5	7503
3121	2	3110
5466	5	2496
1203	2	3696
4311	2	1267
2213	5	2215
1071	3	493
3400	2	1995
7334	3	2263
5186	5	5516
6062	1	5259
1237	5	1232
7336	3	7334
1830	2	1827
636	2	598
6167	5	6168
4759	5	4760
539	3	535
5423	2	2250
320	5	321
2134	1	1083
195	5	2487
4722	5	1494
3374	2	3373
4161	5	4160
467	3	7526
982	5	986
1313	5	1316
2056	2	56
805	2	807
370	0	360
923	5	802
1330	5	1345
1647	2	3772
7447	5	7449
2479	1	2480
4164	2	4163
1396	5	1394
4909	2	1332
599	2	5958
1984	3	27
2327	2	3772
2358	5	5217
5380	5	5381
4355	2	4304
1860	2	3157
3737	2	3256
885	2	782
567	5	566
3121	0	2914
6300	2	3696
4117	2	3772
4178	3	1812
5752	3	6033
6314	5	6311
2548	5	2550
852	3	838
6727	2	3696
358	5	359
4124	5	4121
1166	5	4608
5759	2	3956
4698	1	4695
6898	5	6897
4046	2	5082
6303	5	529
4841	5	4839
5491	2	3772
2755	2	6797
405	2	6548
2470	5	2479
2216	5	2217
3712	1	3713
187	2	4548
7159	6	4604
233	6	3056
764	1	163
4148	1	4147
3324	2	3256
7465	5	7464
3106	3	191
4366	2	3696
513	3	7526
4742	5	4739
3999	2	3998
799	3	796
5077	2	4204
225	5	3171
2108	2	6797
2777	2	2770
3539	2	3540
6548	5	6547
6556	5	6555
2375	5	2378
4438	6	1215
2358	5	2899
654	6	5148
4418	2	4407
7532	2	7526
921	2	920
6567	2	4204
3188	2	553
6107	2	3696
4429	2	5915
12	6	1970
5793	2	5794
5466	5	2117
4796	5	4795
3351	2	3256
6854	2	3772
2057	2	153
2222	0	2067
4977	2	4975
3132	2	3131
6898	1	2712
253	5	251
6446	5	6447
6683	5	6687
7229	2	5065
5	3	4873
5889	5	5892
3699	5	3700
5256	2	5259
6965	2	3696
1241	5	1232
7017	5	7016
5931	2	5769
839	3	838
2447	2	3743
2545	2	2543
6989	5	6988
3844	1	2712
6547	1	6543
5320	5	5321
595	5	596
160	5	158
4495	1	1896
4902	1	4901
6811	1	2712
269	0	268
5071	5	5070
3886	2	3961
5666	2	2712
3110	5	782
6201	5	6200
398	2	337
2271	2	3746
2420	1	2418
6888	5	6295
3991	5	4007
5231	2	3846
6490	2	6450
7271	5	7281
2510	1	2508
622	2	598
1997	5	1993
1381	1	1380
1249	2	1248
4050	6	4147
1345	5	1330
6670	2	3961
2891	5	2892
1200	2	6561
7348	5	3910
1824	1	2712
6101	2	3772
2789	5	2788
7025	2	7022
4377	5	4402
3447	2	3256
2381	6	2376
2177	5	2175
6659	3	838
864	3	838
2136	1	1816
7219	2	7216
2803	2	2770
4316	2	4304
2746	5	2744
2706	5	2706
3995	2	3992
1017	3	4107
6434	5	3009
4165	2	3696
6961	5	6960
3219	2	553
7462	5	7460
2069	5	2066
3524	2	3256
2088	6	5821
2029	2	553
6106	2	3743
6324	1	5269
2546	2	3961
3388	2	3256
1475	1	1471
2768	3	870
5550	5	4798
1047	2	3157
638	1	2712
1006	2	3961
1993	5	1995
6073	5	6082
6699	2	3696
108	2	3696
7332	1	1633
5551	3	191
2074	2	3443
3967	5	3967
5209	5	6761
6254	2	3772
1399	2	1394
2357	5	2562
4577	2	3157
42	2	43
1751	6	6450
884	2	782
6842	2	994
5019	2	5017
3344	2	3256
7389	2	3696
4621	1	2712
4417	2	4407
490	2	487
4406	2	3157
4601	6	4135
1334	1	1332
3875	2	6620
6824	2	3772
547	2	3696
77	2	3696
4161	2	4159
1814	2	5212
2553	2	2548
5917	2	3772
6375	5	6230
7110	5	7111
1781	2	1780
6846	2	3696
348	2	337
4555	2	3696
4234	2	4213
6096	2	553
2068	5	2066
3101	2	6291
372	2	337
1548	2	5235
6184	2	6182
718	1	716
52	5	54
2924	2	3772
5885	2	5769
6288	2	3743
7358	2	7357
1337	5	1336
5790	2	5769
4164	1	4163
7087	5	442
2807	2	2770
5192	2	5186
6512	2	6450
2106	5	1972
6918	2	1842
2653	5	2652
6081	2	3772
6535	2	6450
6862	2	6253
4807	2	3157
3997	2	3998
6056	5	6058
5373	2	2123
7353	2	3772
7303	2	7298
5048	2	5047
583	1	3825
3954	2	3696
3088	2	6859
6182	2	6176
1478	1	1471
4411	2	4407
6082	6	2937
3198	2	3256
6841	0	1007
4642	6	6383
3350	2	3772
66	5	64
3884	6	291
5830	2	5769
959	3	4858
135	3	1394
4789	5	4787
4393	1	1594
6547	5	6438
4953	2	3696
4381	5	4379
3353	2	3256
4585	2	6744
1199	2	1198
4887	2	4889
3509	2	3772
4677	3	2882
714	5	715
3171	2	3868
280	5	276
3383	2	3256
6315	5	6311
2347	3	1958
5924	2	5921
536	1	535
2506	6	4214
2948	2	2945
7460	2	7462
4561	5	4559
1395	1	1394
2101	2	553
6970	2	3696
4999	2	4998
456	2	1804
